3047068520 209843685 3140886856 2524102414 4016359922
2650785595 1568136194 1584848734 777772992 1130267053
3377873004 2717145889 1019733965 1848539137 2454484483
716052164 992727564 1195931916 1724428421 2557650817
4091564963 4107045750 1275554434 2116943109 932401490
3986904814 3041975133 4126032640 3366262558 3660826035
788030812 1477358569 3084783561 1045591942 3402585967
4233185306 730705438 1200969279 2175539716 1984751448
3825421252 362498802 4267707784 4065092187 3725735944
1455491611 2064895824 2969403797 3745594025 2485044592
