3176809968 1713598606 2569058705 3406798145 3466458604
745317967 832348529 332288536 1149832788 1828903115
1383620457 832483728 1741780125 1310920841 2130492982
1322576214 3499204508 4211578732 1632223117 3701931117
1216634531 3600096869 129887429 212754617 4101268660
737277711 2074750659 594231863 3806404513 2429302923
715786346 54068353 704910697 2420824218 3254382433
3242167065 1654129160 181674250 4108372069 3716622503
949561005 743522153 2710419526 3059818912 764378693
1027516869 4289815249 2191714437 1205478199 14310646
