4207255565 2360179809 2758741566 4036133594 2026957154
2517698096 3575689336 599422310 2647931089 758279746
1326426606 1005752312 4014189828 582776247 132420357
2501431371 2135434173 4041876028 3766497013 187500725
480921210 3518891970 2353340558 3939964254 1280784358
2265422356 481937572 1939619684 1476030241 2394837484
2187432321 190318668 2329308459 2117582605 2823739497
1173705712 1213276404 3913966754 793365870 2284601663
1346483242 928752676 226400344 2255313292 2150503383
845489545 605702520 949646622 2294325235 1681428159
4294944385 4168707120 2224537467 4063624892 2988859638
32879567 2599746444 3412936738 4175397616 4139472266
1166524009 2045794980 2006379778 1868451496 3652686871
1634436603 3001511288 3875836720 672146442 2419632632
1590404006 3555485343 285030523 2440557665 3072002077
2590968602 1290068248 2873283780 1412962042 2092278234
4213745950 1299253889 922215434 2595328414 2093358014
276560805 3653188898 754855084 3574325047 787418488
946021837 3767552129 270948288 3762765117 1461382931
1689075184 3122484246 2585588972 493611229 4166372079
