2527661793 3098682596 279481817 1306759146 615829834
221689519 1101876828 413939166 4008350689 876785808
3964849995 3884558031 2822902390 4051348796 866875015
2486556378 863593914 408067640 1361397828 1003469610
1654332294 3711731263 1743109802 1025308708 4135761983
3035217677 3131482559 282682812 3031241630 4153093905
2039282429 3610993178 2655580660 1742078516 2104675743
3085726443 4003568305 1987381917 1784090032 2776287461
3853341440 3925866518 86437921 3434201937 2490748161
1034434478 2561566530 1675087024 2658590912 1521286726
1148429969 763136585 4204671064 2364785016 1392782245
2694488803 5552849 308214836 1070293870 2822007255
860169084 2739171398 1952020302 3846202388 2176013683
2239617860 2990368584 4014801050 5743052 915388025
3025610399 1847192215 1832895721 4178504460 3359022457
1629570206 788966577 491434904 501577697 2518730878
2464766330 2979203508 1089414422 3167093446 3203764418
2507195861 1153606008 2615442449 2024048163 3125970517
3715463784 2524850504 705906649 591267965 1011601350
1244069397 308425903 1565248370 2818563414 3974936086
