139 -7656466449 -6046998724 -5372554991 -6192617239 -912030634 -651450461 -6644801413 -1732093069 -3648125761 -53648794 -1755085201 -1433191569 -2337559371 -2245589516 -1049985127 -6330571413 -7564496759 -1954352837 -2214933403 -4176950404 -7510848153 -2958353767 -5380219799 -6476190152 -168610578 -4176950521 -1371878951 -1939024578 -2253253816 -4253592676
65 -4355358363 -3595544882 -142464520 -3134229713 -1065095413 -2374416384 -1601034841 -3717658011 -2503313331 -2937492198 -4050076527 -5244068171 -1974157172 -6125995167 -4633504087 -4843809886 -6485549133 -732676943 -2401552445 -5888552808 -13567888 -1065094696 -5203364755 -2238735013 -2971412830 -2109838819 -4233245924 -3710873455 -5203364794 -4884513908
70 -2387302195 -5543709238 -1261332078 -3125642999 -1193650761 -2738014245 -1999673216 -6109770623 -4854590832 -1322860341 -750646088 -4294682705 -1852004305 -2811847788 -5402194323 -4854590939 -5765211320 -1716642039 -3187171594 -5106857263 -3654786592 -3199476808 -393781549 -6152216 -658353323 -1353624460 -5543709738 -972148489 -2239633672 -5623696546
278 -6372067426 -7355239196 -7948852597 -6325691256 -7856100206 -6974955560 -2736185876 -3255597487 -5657876174 -7661321139 -6010334437 -4888034438 -7985953824 -2188948647 -6835827451 -6826552171 -2921690047 -2912414728 -8598117087 -6372067650 -343182214 -2077646050 -1446932143 -2671259084 -176228023 -7559293708 -4006889265 -92751450 -973896448 -9043327717
219 -1359144206 -4347839607 -676013762 -5557549497 -4298028342 -6895345993 -455419587 -4810375965 -1117202699 -1828796060 -6347419320 -960651255 -1601086501 -5144824480 -1337796557 -2561737880 -6240679349 -2433651312 -2760984470 -1707825167 -5287143738 -6539549272 -2668476914 -2355376468 -1273752666 -4625360921 -5671404943 -2028042320 -3593549641 -5180404581
91 -3544584057 -627230169 -2683964315 -1393035561 -1582663981 -7016233910 -5389809877 -1779584931 -6644271034 -1823345158 -3245554601 -6279602053 -3785265264 -196920795 -4492722952 -6396296623 -357374786 -4747992180 -2370349197 -678283928 -269854660 -4412496640 -991899125 -5039727406 -5885759077 -4842805394 -4441669325 -3398716453 -1713944323 -3376835931
239 -7103773524 -1420754379 -1122853644 -947169062 -297899367 -5606634713 -5705934014 -4491418370 -1038831166 -1963085167 -6782957943 -3131770907 -5354564962 -4010194798 -282622921 -7684296798 -817315649 -1168685161 -3559524666 -1466585585 -2497778185 650 -1199239111 -5117772322 -3964363502 -6194795753 -3284540461 -1955446865 -5293457124 -1397839429
89 -2498963236 -5749763560 -7160330 -5635198022 -422460298 -6329752415 -1417749543 -136046512 -3909552686 -3136234579 -5298661382 -7159591 -4840399064 -5721122189 -4897681367 -952327007 -2255511491 -6680609734 -5943093054 -5907291747 -3759185035 -3823628358 -136046040 -264932855 -6945543180 -4024118448 -2498963312 -1038250510 -2928584404 -5370265240
253 -3246613789 -743383264 -7577960590 -6561498066 -1153002645 -1115075220 -2844579776 -4809236474 -2533572023 -3163172949 -6660110061 -1115075251 -5029216750 -2397031904 -7540033077 -4809236094 -3800358147 -4278248064 -2154294435 -2472887784 -1873630107 -6341516604 -864751971 -811652828 -3557621283 -3261784511 -7327638216 -4058267205 -2275663239 -6796649411
211 8653341314380757 20794853672072158 12074426503714375 28844471710287803 9927865119970364 12946469538875250 34479208931996407 268320134660854 7647133451836507 14757635017581166 21063174251596689 27033311945622236 67074771904996 11671948402474010 65671498035877758 9726623869740700 63256610605716219 30856881029322437 67013106301536100 20258215834678806 33070527723321303 41254312032257977 9860782973197490 7378811498174177 47023209810648194 55274070453458351 62317494973544431 55810717168373098 24081781685696188 64598213839460818
195 -2681360764 -1600166481 -4705355073 -7559706921 -1037945381 -4869697009 -1254184417 -7871090959 -7836492351 -4532364361 -2664061243 -7205075391 -2992744549 -4307475968 -7352118007 -2828402408 -5985488869 -7447262565 -259486452 -4445869091 -4099886229 -259486337 -8459260035 -2482421045 -8623602160 -1055244461 -4385321676 -4696705675 -8095978811 -7983535164
54 -2236909035 -3296497318 -559226775 -1259732855 -1165547270 -5686459048 -2413507304 -3802745859 -3531961825 -600432664 -565113475 -5209644385 -4185374820 -865330433 -5327376017 -1177319984 -5885787 -3808632018 -64752001 -1053701501 -459155064 -741711934 -282556031 -359082284 -959515654 -877103085 -4785808408 -3573167781 -1136114540 -3249404745
231 -4970752306 -4103580493 -162594583 -3577083578 -1215589037 -2709911760 -1827254145 -4242947085 -2857020935 -3352547641 -4622335006 -5985033954 -2253097540 -6991572877 -5288199495 -5528220311 -7401930385 -836201444 -2740882234 -6720581725 -15484544 -1215588236 -5938578090 -2555059842 -3391260588 -2407949503 -4831385988 -4235205310 -5938578408 -5574676084
260 -288614849 -3308515022 -4477053820 -3773114381 -725057030 -957356704 -4040611820 -1562745049 -6553675780 -703939176 -2569378158 -2477866136 -2076620324 -4202517684 -4111005917 -4132123681 -1886557494 -3400026531 -6096114237 -5293623666 -4631920341 -570190724 -3111412010 -6412887859 -2696087482 -2330038715 -1365641758 -6419926460 -1795044620 -1140381418
225 -6799588312 -2042762953 -5442557548 -1797342794 -2548040583 -1335375211 -3262647280 -3370920396 -3977253215 -2042763591 -5615795253 -6330402063 -3060536612 -1270411366 -3970035523 -4987808197 -1652978375 -4099963772 -4172146747 -3536940814 -5247665303 -3190464810 -6171600978 -1053863239 -7008916993 -6698533163 -6193255823 -5500303943 -2721278579 -7066663638
108 -2842789842 -5805698755 -66731470 -6526405788 -5198435882 -3430032712 -4951526657 -1201178272 -5899123499 -5805698257 -5612174769 -26692558 -2308932667 -3823753249 -1154466494 -3223163314 -1294603979 -3610209759 -46711787 -173502903 -6626503802 -4631212234 -306967537 -5912469756 -1134446530 -4771349643 -573896327 -5632194917 -5605501811 -3283222054
250 -888121604 -2533759795 -200262790 -3622144832 -1898142905 -4727943800 -4484145480 -6730571969 -4536388456 -6704451115 -3935599547 -7914734757 -7470673666 -3482831408 -409232090 -2681779705 -1445374546 -8315260670 -7444553146 -6460652948 -4031377474 -1880728583 -6260389526 -2194183622 -687859035 -1584687781 -6451945712 -2377032636 -8402331707 -1863314851
53 -3295018578 -7555405543 -4435908831 -6366645961 -5417234133 -4396016974 -2050410981 -813780994 -4100822471 -7970275560 -558477684 -5409255243 -5465103406 -1460019690 -7387862686 -2138171377 -1475976844 -7276167564 -1348324259 -7746884273 -749955655 -5449147032 -2042432511 -1100998649 -5848059332 -4356126561 -3749779038 -2353584818 -7978253084 -6039538042
110 -3024210301 -1044331012 -2719613526 -4859042524 -630949382 -108784447 -2777631120 -1124106120 -7295815957 -696220467 -6425540096 -6273241544 -5917878555 -5207153195 -5192648312 -5489992809 -2226456258 -6672118046 -3205517446 -4808276301 -1885598091 -116036685 -2603576022 -239325509 -4706744574 -1718795149 -7252302815 -4510931916 -4358634004 -369866946
46 -106550421 -4149212444 -1723615504 -551556579 -3723009614 -802264471 -5935505993 -1322482473 -426202699 -4456330006 -2456935887 -902547549 554 -2701375752 -3415892286 -156691674 -639304710 -4005056193 -6167410276 -1096846080 -1617065012 -2920745331 -3384553802 -3591387980 -2732714053 -1748685846 -4970280637 -6067127270 -1686009046 -144156944
249 -4738294715 -2892775797 -5250938395 -6766899323 -2892776238 -4979968797 -80558054 -6642400852 -197733231 -3544566621 -3551889486 -3691036212 -2592513338 -5785552800 -7228279332 -1567225762 -3573859697 -2065222503 -1047258104 -6957309778 -3932710808 -2438720252 -1493990764 -3742299930 -1501314198 -5434025244 -6202991580 -6627753429 -3068539783 -710377842
208 -5237032911 -5966888216 -6075725888 -3630070503 -5038563494 -166458244 -4475166005 -1869453946 -2874605485 -326514065 -2010302753 -1190816313 -742659028 -1555744264 -2714550147 -4295903277 -5794027810 -2528884196 -5896463913 -5076977069 -3239533485 -185664194 -1171609154 -2388035487 -2836192386 -2503275341 -1280448077 -5006551811 -3405992105 -5480317394
5 56353916153333894 3349967237443026 28660841327060086 21216463912809281 49579533145537844 7742143580000557 13474316427662217 48388432950421146 34318564578917306 54567265541791198 15260967574587941 32383028239076274 11613219377500908 58736119968444513 11910993975534570 30075273799318273 34244120045632942 51217296170689340 56800579093595070 68860466828172416 56800579999021522 18387601944392542 71540442643135045 53227282759816396 73475980077360953 54641712224480943 41539610826158498 54343938712960425 62160530589672264 71317113704264126
177 -3429722168 -4978877372 -4994292613 -2065539909 -2165734866 -254338812 -3375771515 -4531858254 -6127257160 -2443195557 -3206212537 -4508736120 -7113784354 -4886391195 -6512619337 -1371888560 -6936516902 -2366122402 -5264045493 -2381536792 -5202388116 -6689885061 -5849796191 -4793904229 -4084838135 -4817025465 -2743777863 -4747660407 -6905688460 -6466375618
246 -645666352 -35870359 -2245485209 -5122288885 -1836562689 -946977848 -3479426067 -4742063264 -5237073781 -4806630239 -3371814300 -150655555 -3565515275 -3838129339 -3587037393 -4856848333 -1585470173 -688710880 -6779500827 -6241444481 -3393336476 -4010307482 -4820977772 -3608559240 -6040570266 -6506885624 -3149418134 -3364640637 -3300074023 -502185172
29 33744796498761590 39656296059168429 18424167065986695 17586701857683074 9310603805837276 46602300169043380 9064295665896977 42710568549437884 25961325884486897 40001127483260330 39114406387826047 10098806533829598 9606181899769414 8719455831272231 23547463835005621 22611473088469522 26848045289362568 28966333591057826 46602306262100510 3596156984274885 20542447323437948 26995835590160483 27734775880105652 48622063256531614 39705558046400116 44779594046798432 7438628286075666 47341242114327729 16847761356417946 10443639937284871
147 -4346520138 -3588248946 -142175731 -3127869422 -1062934056 -2369598248 -1597786312 -3710114319 -2498233792 -2931531864 -4041857968 -5233427849 -1970151250 -6113564162 -4624102310 -4833980397 -6472389294 -731190225 -2396679024 -5876604043 -13540379 -1062933951 -5192806039 -2234192843 -2965383317 -2105556965 -4224655910 -3703343266 -5192806026 -4874602478
174 -3112736358 -2272991831 -1635291293 -3914596810 -5884523567 -5499377628 -1332225730 -2329816823 -997590437 -511422860 -3112735492 -6149706246 -1572152249 -2165655726 -5524633491 -5979231945 -782918643 -2879122998 -2418210277 -3920911364 -2178283159 -5606713500 -3264269008 -4192406960 -3409487178 -505109066 -1831021398 -2904378809 -5960290050 -5101603980
292 -5632633558 -2819806168 -739849704 -537438102 -2840745060 -5374383608 -5625654202 -4774128066 -2128814543 -1947341230 -5088215532 -551397030 -3545697669 -3713210775 -5814106551 -5541897178 -4543796943 -6156112884 -5821085928 -3727169849 -5192911495 -2198611335 -5513978044 -5220829739 -2722090707 -858505405 -2784907758 -2743029501 -3098995357 -3092015911
158 6193224028866596 10752654723301289 19073613858836285 36931386311688184 11208595145424589 12424448140635727 341955287792746 29788276978032672 3077610492648655 23367081707055349 16375949607200373 28040496729414035 30586176587503727 35639550033385763 27584555449043743 18921635576706143 20669415980845256 15084116243485241 27660542245766969 35715539174451853 18009749369850141 23557056639097414 493936461469883 11474567276846658 36855392631701976 16831894792887174 36551435762157182 4331453703791778 7903010766801366 19339584797927634
12 22439869254447849 11021545582519268 2821514131828260 21381799643062254 21514060740662892 17546300296818772 26231285860186166 176339367499605 38707676107675877 14548439925319989 2424736984570308 18472110011386581 15915115937982550 30022692748821475 24379662416125913 24247402531623651 32667869711505662 4540876453656316 6392493321121771 31389365596344473 12300046951275801 35180780453250302 42058226144373945 22043096035905536 5687115739554504 27642043073888841 35092609350114455 32447435897410162 11594666555566122 14680701139920264
130 -6291318412 -7004216188 -4785322770 -6023982420 -8456743938 -2548607313 -935676885 -4749677792 -6656678611 -2013934984 -4268472242 -8875571820 -4517986751 -2388205413 -5542776593 -1675307886 -4232827855 -3172392476 -7610178360 -837653405 -1996111835 -4651654715 -6941837814 -5275440041 -846565260 -3056546933 -4847701529 -8831015752 -7939893840 -6469542760
248 -8359952620 -9083757738 -9011377133 -2044749374 -2714269890 -4894733960 -4650449264 -5102828112 -6939483855 -2126177696 -461425472 -5781395104 -2641889825 -1601419339 -995232470 -3691407416 -5998536886 -7898526237 -1139993384 -8359952221 -8549951293 -9029472224 -5157113020 -7708527765 -1049517554 -3365694501 -3266171162 -2488080994 -6649961781 -7491385502
97 -2762246759 -6333772036 -3718666824 -5337223267 -4541320770 -3685224761 -1718879411 -682201265 -3437760204 -6681560971 -468177225 -4534633484 -4581450301 -1223949502 -6193319388 -1792450290 -1237325722 -6099683867 -1130313529 -6494290738 -628695265 -4568074332 -1712191809 -922977545 -4902486508 -3651784405 -3143477036 -1973033497 -6688249814 -5063004972
215 -6432686443 -6381342963 -6616058967 -2207797250 -6197971045 -5765213193 -6051273407 -3689443020 -4136870113 -7364215697 -300729147 -1305607646 -6806765257 -674808620 -5633184837 -7019477041 -6241979706 -3073313395 -2713904143 -6909453704 -4408260446 -3198005521 -608794167 -7026811909 -5574506328 -608794783 -6087946961 -762827076 -3711446991 -3520740734
38 -6331355480 -3857862096 -1030074842 -4067813591 -6593795670 -19682579 -2138882658 -2624396165 -2729371540 -2854030436 -5432500255 -3667593819 -2768737989 -1253149097 -59048084 -2735932829 -3431397809 -5425938902 -4304009627 -1509027551 -3549495601 -2388199749 -1102245506 -1935492291 -5071645669 -6580673721 -1299076086 -334609983 -2959006080 -295243720
299 -6211394043 -6836610253 -3961971467 -4526026167 -1970791807 -863070381 -5219201911 -3975563382 -3343551141 -5171630900 -5953152326 -251445156 -305811975 -591236775 -2011567202 -1726142230 -5572584657 -937825176 -5898785118 -3792075623 -2283400064 -5450260183 -3554221556 -6292943733 -733949645 -251445652 -3989154896 -1134903820 -468912555 -6829815124
199 187745652774475446 -3674372783573598909 3176271619462579897 2698893797194205635 -5575854493247283761 9201818403558999410 8552395045517791954 7072191201276337131 -337694255088974052 -4746700996701042876 6543872934620756008 -2830067670493417614 6053738762632146811 -5307790454310795469 -5233498899008307289 1776835642301455785 5613460924848227517 -4226110403049595225 1459207738585266134 -203980376501018118 6558136699540198568 7946064879124768408 -236470356693099606 1244720371406039840 -1566521067512996958 -5792429585784686088 -6291716541190982998 -6385510860972296309 8728502072388286543 -8966261238553944195
74 -6477750443 -7380517877 -7515140463 -4490078619 -6232261148 -205894255 -5535388324 -2312350536 -3555635800 -403869227 -2486569016 -1472935370 -918604487 -1924318782 -3357660138 -5313655889 -7166704195 -3128008481 -7293408621 -6279774899 -4007018849 -229651052 -1449178525 -2953790225 -3508121205 -3096333130 -1583801879 -6192666438 -4212913404 -6778673360
15 15236219360155660 24619796462484599 37098986190811452 47546678822804674 14220467291080175 34293587005341695 41113610195271438 3047238642726528 39807646121139741 32503934941807496 25490437893014876 21379073844828231 26506184768518027 22249718509788444 35986497263153978 17557930075680139 38985373782189327 29746903862185813 14075364655441145 6626545677701067 27570302731706709 21669289823614017 23797523162446401 45660291933759766 14365579919571563 27328454723230715 4643418898950998 1886385644558816 30811024862658867 41694040052002653
85 -393691527 -5019579024 -4730871310 -2171870327 -6233464272 -406815332 -2355593298 -4396232239 -5669171878 -1535400566 -2191554239 -4553709332 -1082654158 -3110170369 -570853426 -288707690 -1522277302 -734892661 -4100962834 -4612763446 -406814989 -3707271198 -6299080315 -807068949 -5787279709 -2447454272 -5806964615 -5701979318 -433061160 -5971003007
297 -2203523188 -6063488374 -5022513806 -2545449380 -5767152864 -6063488178 -2332695503 -7324816059 -3206505865 -2803793209 -2271908242 -6177464238 -7043676759 -3745989186 -4916136656 -1512072752 -919400603 -972589303 -6557381092 -2917768728 -7423594219 -6557381383 -4011931596 -4703382161 -334326889 -797827390 -7597976 -7112061446 -6451004379 -7180447314
179 5517081889436498087 2054676360414816525 4970987116838600966 -7039689753040718314 2959210543988441057 -1850082516288262075 2579161671862611317 1573369514801552392 9200323840830652509 1347166291409263728 7736527773218729796 3407555398210133805 -111387962865016898 -3644868953253968161 -5598196999365345044 6877895815721849952 5622049696216113743 5424842930813455656 -6201561964899894789 8275752562098393157 7338506244349124838 -490443055011171507 -8202308884220419846 3462463198898126109 1103988044209231495 -2960665661455401662 -5324296156334194633 7277897190660095116 9159947925321255849 -6903728307326058277
2 -5034453301 -2570092162 -5359781795 -2993018603 -5278449361 -24398818 -2269163731 -7100286980 -1130514732 -1032916993 -7189752234 -7555746802 -4091001171 -1675440011 -8092538636 -2261030308 -1041049966 -5237783916 -4375663551 -7645212412 -4822990127 -5310982021 -813319869 -3228881539 -6230034220 -3668075370 -4497661946 -309061633 -2594492148 -853986085
120 -1850660647 -6515435472 -3521107612 -2931945736 -5323249318 -3035915773 -3514175739 -4810332171 -4200376498 -3028984396 -3749841016 -2328921643 -2017012049 -6723375452 -284183547 -804032275 -3833016776 -2557655039 -4907370413 -6834276474 -457466423 -4685568393 -6057968552 -1705103427 -4754881799 -3098296981 -3368618305 -4824194528 -2509135708 -887208176
256 -5871871735 -349053577 -2986353931 -2210677365 -5166005820 -806703495 -1403974095 -5041897245 -3575868420 -5685708708 -1590136338 -3374192550 -1210055362 -6120087925 -1241081896 -3133733203 -3568112003 -5336654981 -5918411836 -7175007781 -5918412429 -1915920918 -7454251848 -5546087285 -7655927371 -5693465959 -4328274532 -5662439098 -6476899369 -7430981148
272 -2617469309 -983245404 -589947587 -3966889533 -4014357070 -2820899622 -5892696301 -6136812141 -4299158869 -1125646678 -1179895415 -2909052346 -3824488365 -3729554611 -1227362248 -3980451454 -2210608651 -4211005948 -501794399 -1641004082 -4638209986 -4441560503 -2861585575 -1369762921 -6224966219 -5370558901 -2983643572 -6625045544 -3566809840 -2102112029
213 -1106341952 -1203602386 -1057711499 -3787095338 -6097041010 -1130657350 -2893510339 -3501391467 -3629046144 -5920755852 -2072872232 -2145817847 -1951295524 -3653361659 -91181215 -1057711765 -5853889173 -4230847644 -504539921 -3458839914 -4060641438 -4382818130 -2778013765 -3246081162 -4370660218 -1094184637 -2085029344 -5185219777 -5835652376 -601800730
153 -3583586243 -1446848821 -2999098147 -1667230001 -8192424838 -4934618308 -8412806202 -7933716251 -4417201892 -5883214874 -8326569446 -7799571257 -8470296819 -967759558 -392853108 -6611430323 -8479878487 -9514710969 -8968549141 -2529590452 -3478186958 -9438057029 -8096606515 -3602750234 -8278660948 -67072049 -3085333604 -1389357945 -7406718478 -5068762907
35 -2923216307 -1009278654 -744650922 -4418672321 -1070820299 -2873982696 -196931475 -4264818581 -4357130474 -4117119331 -3193997658 -1852395709 -2615509012 -1563150782 -30769801 -806191464 -701571579 -449251956 -2529350690 -990816003 -3680174981 -5015623359 -369247972 -2572430269 -3674020743 -2917061382 -966199069 -5692579220 -596950732 -1846241244
