506 828 146 960 240 523 956 384 277 813 20 753 702 762 652 215 635 179 20 236 396 260 406 120 536 45 561 701 143 270
453 529 885 765 923 142 923 980 922 174 327 684 775 280 344 221 746 890 399 563 973 182 500 979 232 903 581 793 820 666
467 245 775 743 574 158 2 268 908 898 870 217 254 189 541 530 99 920 537 993 941 85 192 1004 777 910 521 178 473 1000
736 704 520 799 999 552 366 941 929 341 26 416 293 639 821 322 556 107 723 65 836 591 800 563 984 48 305 476 432 773
167 95 863 941 400 895 163 847 649 658 641 703 600 501 138 905 28 376 510 879 531 424 902 878 402 737 219 566 81 124
840 85 751 763 515 165 540 766 602 305 480 102 603 736 591 617 502 374 506 266 158 669 66 284 246 138 256 226 592 183
882 392 587 701 1005 15 330 3 889 770 216 284 55 703 480 457 844 668 446 375 610 95 523 328 726 330 140 375 489 994
616 750 19 242 794 985 1 527 786 565 828 185 759 180 127 642 349 569 790 650 761 108 734 995 139 578 937 934 717 236
488 819 999 873 861 878 635 924 839 97 760 167 796 471 791 747 665 966 364 538 838 197 27 189 887 466 509 267 440 969
910 631 3 882 551 916 397 281 593 625 369 975 583 41 952 763 165 999 730 104 208 704 499 861 338 504 969 293 120 967
258 803 195 203 321 824 612 816 130 814 280 547 126 995 948 598 329 831 630 307 702 731 550 69 109 308 575 923 591 165
533 500 562 351 929 726 202 903 184 853 702 330 908 312 392 646 446 435 830 23 434 972 795 325 675 189 930 817 92 70
506 74 305 23 85 564 917 316 695 588 930 857 911 0 936 176 266 798 419 986 705 5 449 835 645 536 203 550 92 901
216 617 624 37 141 160 649 267 680 615 574 805 508 846 412 187 741 222 536 679 654 489 921 301 754 170 133 208 766 966
829 954 309 400 505 78 671 815 932 100 205 498 159 715 971 881 112 571 519 674 374 765 761 907 116 635 13 140 100 702
219 717 565 519 603 833 341 315 730 832 233 664 533 170 31 372 929 641 866 713 612 818 347 266 976 32 786 512 221 675
761 868 533 109 823 106 902 663 91 328 896 929 278 940 317 265 208 80 739 758 899 938 593 713 909 468 486 865 117 445
635 721 710 642 445 172 819 220 498 667 288 480 306 45 847 39 657 20 543 918 979 215 153 630 583 188 264 123 754 98
795 672 538 743 734 116 975 385 505 279 176 693 594 238 49 283 481 374 805 855 50 253 658 291 660 370 568 164 304 411
422 322 672 327 486 75 261 744 538 479 227 1 362 569 83 546 299 73 502 500 153 932 626 890 542 752 365 257 271 418
456 695 460 512 560 630 998 340 48 596 592 576 973 692 517 821 902 846 415 214 216 986 610 593 287 816 526 264 839 357
697 351 479 497 1 950 949 73 656 513 17 697 388 37 1000 315 437 80 975 361 653 710 94 394 246 790 565 609 66 302
111 217 974 265 962 785 452 424 155 457 791 501 241 943 365 653 393 84 848 134 362 777 502 954 119 528 636 897 551 978
679 390 59 21 503 171 657 299 230 767 205 930 464 567 952 904 680 239 6 309 166 410 32 788 1005 245 988 254 906 554
63 366 955 292 159 865 709 765 393 176 852 485 885 179 138 729 161 745 818 757 944 366 452 106 176 990 170 68 133 477
422 934 523 103 22 580 754 650 232 676 999 654 576 383 903 201 601 922 220 415 886 137 725 614 199 54 663 235 496 422
99 271 457 233 27 273 387 411 567 534 542 534 307 381 78 734 693 817 34 183 861 192 313 762 646 273 219 862 739 286
718 245 233 567 409 898 691 51 367 420 522 284 165 472 840 544 437 498 341 195 221 905 610 223 316 527 263 627 437 894
543 500 32 721 699 219 951 996 292 835 580 570 779 136 795 26 973 37 730 185 817 121 954 509 434 186 4 507 858 123
881 218 150 813 289 43 188 467 822 936 294 203 149 613 699 843 133 375 112 881 926 841 729 821 517 873 121 465 290 371
615 272 421 999 42 515 271 145 760 898 237 576 597 3 545 581 930 3 77 8 89 563 1005 874 576 85 888 521 969 679
203 184 946 491 155 679 381 561 394 582 997 284 564 519 539 440 603 148 360 561 32 76 221 997 636 708 291 353 546 45
939 829 931 701 146 669 15 572 169 152 439 260 70 467 283 740 829 670 129 429 599 382 236 521 228 503 9 49 103 777
423 263 933 838 576 957 472 224 794 592 864 529 221 559 678 335 637 246 800 571 513 803 850 250 730 332 140 937 642 568
741 866 169 206 373 430 288 60 625 776 31 333 409 739 154 642 61 56 889 206 594 353 764 299 963 939 552 820 148 128
384 147 76 600 92 612 743 604 278 358 509 627 163 82 142 288 36 524 21 641 454 426 316 749 800 836 293 264 1 930
140 244 820 30 504 886 643 845 436 981 392 927 785 208 560 459 326 960 466 970 487 431 158 309 260 50 162 631 701 9
790 382 678 688 198 454 804 400 550 817 860 725 409 757 325 476 133 58 923 507 691 488 852 715 175 286 982 814 978 192
512 613 185 64 832 790 766 423 937 472 38 510 710 860 340 41 978 743 289 426 256 839 516 545 350 742 978 114 260 782
634 723 577 473 194 406 528 56 765 470 943 411 264 468 768 812 714 12 428 278 343 1002 464 438 228 775 253 564 376 520
484 96 237 878 594 799 41 684 549 603 46 171 772 808 717 309 775 202 546 667 835 304 628 484 645 180 769 661 586 434
892 79 57 106 216 55 636 253 974 191 289 638 284 952 280 548 611 816 422 787 0 949 808 411 568 157 740 254 519 112
18 895 849 486 860 66 145 417 122 281 269 899 1005 957 203 27 102 379 326 491 785 878 680 474 155 466 73 464 362 14
29 84 223 64 354 505 847 9 598 39 433 461 630 989 870 180 172 284 0 297 284 607 880 579 71 225 383 23 318 409
695 413 313 815 705 86 545 457 783 768 793 265 534 353 474 458 132 359 525 863 721 613 445 501 519 686 395 108 733 485
789 232 722 771 229 944 374 18 394 96 93 803 764 824 737 511 424 942 389 60 31 97 297 745 230 226 475 728 727 905
974 447 278 990 683 564 986 5 174 539 374 551 687 270 21 305 520 563 756 608 650 653 266 743 529 244 692 707 413 758
335 92 397 532 845 321 41 186 264 509 712 240 848 862 294 348 589 17 224 193 44 790 523 42 352 869 146 642 945 1002
368 959 21 119 276 401 705 512 711 711 542 810 917 267 237 239 8 992 705 930 776 88 700 393 299 490 175 513 496 51
36 988 478 699 504 241 202 567 720 838 65 935 218 27 434 238 402 1001 482 680 141 39 105 923 508 578 311 226 350 893
62 201 72 636 535 530 961 563 209 478 328 103 173 305 378 647 819 484 117 970 336 890 90 424 992 497 27 369 836 669
928 507 521 226 503 516 21 958 182 327 454 199 78 399 141 229 175 312 933 417 753 602 983 797 539 310 462 335 138 12
288 55 931 312 253 925 959 878 82 482 991 800 633 966 786 324 946 501 700 372 875 270 783 981 746 89 870 264 975 728
107 563 990 186 162 1 844 251 533 792 241 57 810 581 468 780 923 911 767 778 539 349 800 496 764 787 293 967 399 987
992 400 844 965 736 800 393 658 882 215 837 253 31 777 978 633 422 318 445 407 282 204 117 98 624 940 865 343 170 750
245 548 556 519 591 173 185 914 542 745 850 291 124 636 65 946 899 972 426 471 922 407 274 620 564 643 694 828 767 172
132 554 874 263 700 282 138 41 193 446 160 630 757 74 672 53 87 149 703 988 646 71 700 390 665 854 395 751 656 429
136 422 844 816 887 667 452 966 61 940 819 961 71 609 512 130 195 672 863 646 750 360 277 244 205 203 419 762 340 594
505 510 715 882 819 526 730 188 270 147 732 698 176 933 322 604 976 481 127 623 593 907 529 958 335 126 542 907 937 272
718 239 52 996 7 221 369 496 863 318 562 411 965 298 530 94 657 243 43 31 980 189 207 243 18 228 149 269 808 562
197 402 327 606 367 220 388 390 998 362 609 252 582 721 810 443 580 187 163 383 296 187 111 260 232 981 267 25 808 668
402 483 607 352 940 43 321 768 235 236 715 817 766 156 551 763 289 396 11 879 448 858 66 300 512 623 473 204 63 378
146 362 220 120 604 359 865 579 186 617 537 869 999 413 724 334 716 980 119 838 934 483 392 355 751 441 428 541 166 478
363 271 896 332 783 455 934 946 641 94 10 69 882 746 909 930 979 13 446 540 753 845 247 218 697 522 947 141 296 382
659 722 189 832 405 529 803 560 36 270 196 72 327 170 146 527 6 241 478 461 499 756 206 157 779 428 769 912 220 645
877 983 494 846 331 410 983 182 654 171 539 704 754 297 768 350 262 498 747 362 193 105 639 860 947 414 360 334 614 745
338 876 179 444 578 427 500 115 325 196 825 842 943 702 807 805 830 263 879 291 527 205 888 252 796 211 959 229 705 320
191 723 138 265 50 446 565 169 968 994 372 400 317 508 8 478 555 880 780 46 606 511 851 1001 542 109 939 863 13 772
130 647 96 872 537 261 400 251 608 84 233 629 725 584 107 283 1004 784 396 767 211 881 304 135 108 240 428 918 722 954
17 364 346 232 715 406 769 128 92 239 48 839 58 965 391 929 444 231 562 771 545 479 140 103 277 280 312 356 812 312
216 886 406 484 694 411 367 442 315 63 217 385 857 419 818 582 641 589 761 116 16 152 701 945 469 429 765 475 85 755
52 630 244 270 790 732 34 411 675 621 260 184 200 176 424 360 458 86 488 577 133 654 125 886 286 192 843 430 35 835
445 36 959 808 984 689 686 336 102 117 334 372 775 733 1003 954 952 656 939 561 556 995 168 959 953 739 306 517 890 405
368 344 800 582 113 356 826 850 713 582 573 532 758 408 104 38 494 991 110 492 284 823 916 531 578 227 886 181 784 833
923 385 707 126 385 625 523 722 540 442 139 163 880 341 385 256 452 354 593 1002 753 511 406 72 706 138 587 204 104 462
240 582 618 838 456 908 176 894 235 643 153 522 152 450 345 818 191 543 534 606 133 342 300 719 578 183 677 968 463 260
440 161 114 24 369 493 442 898 269 214 264 327 61 932 9 359 956 580 673 741 820 417 834 281 133 255 788 937 29 113
486 403 909 948 987 405 593 207 290 406 725 738 194 938 994 1004 235 894 489 42 422 844 1002 1003 314 315 656 206 261 668
577 875 104 776 278 627 963 611 490 470 246 611 1003 339 102 147 660 462 985 74 886 216 147 193 462 955 433 849 42 421
762 530 279 350 943 809 762 953 520 231 574 390 40 628 771 510 92 680 297 972 51 156 574 219 149 141 762 81 316 651
122 302 711 604 268 433 944 742 693 928 103 463 878 454 537 608 771 308 934 868 431 115 930 509 313 754 454 844 890 469
825 711 799 791 282 581 670 64 799 857 160 564 84 508 615 380 976 658 795 50 496 672 157 921 959 341 1003 126 194 339
344 579 303 403 719 84 119 229 899 329 727 18 244 758 691 480 737 20 895 487 851 865 8 819 73 435 978 24 746 260
911 539 962 286 346 917 655 8 636 910 93 423 556 583 289 912 459 66 105 917 779 382 138 497 840 130 221 248 408 802
404 814 940 933 786 145 719 49 865 349 966 538 296 210 285 679 150 358 185 315 635 352 612 965 850 3 520 34 690 159
117 256 862 355 232 607 58 36 754 384 743 352 760 977 100 309 848 856 390 75 504 954 550 591 686 54 110 417 598 356
419 190 9 598 273 500 46 141 606 390 515 626 351 332 618 987 814 125 375 741 202 803 844 880 99 152 923 293 278 393
677 822 895 958 692 904 250 53 631 172 202 829 617 953 105 646 885 469 209 747 986 536 75 986 820 321 733 324 651 643
522 644 22 150 996 86 94 995 360 9 982 429 581 218 314 27 771 793 730 624 296 579 172 411 824 392 787 528 716 291
277 684 813 214 274 954 842 579 790 324 198 21 171 826 734 203 377 710 546 694 863 654 942 91 884 74 34 15 774 488
98 673 992 301 384 176 291 154 355 795 321 989 985 665 104 642 172 914 140 203 522 979 898 157 140 505 873 260 581 935
583 331 911 6 937 879 517 828 1004 734 763 520 214 141 531 755 694 824 677 692 149 666 303 131 806 44 284 612 385 406
599 506 228 817 991 112 87 50 236 174 177 628 148 409 281 689 452 698 589 910 469 581 484 379 745 787 952 225 284 339
338 980 580 208 675 394 616 56 860 136 903 756 312 803 484 692 866 265 342 793 297 465 538 345 842 108 519 612 49 395
445 464 552 556 149 807 596 444 716 422 231 574 267 666 886 382 622 46 626 401 152 691 813 192 632 140 879 426 162 8
877 69 801 13 49 617 558 602 220 653 157 680 416 542 388 441 406 1003 954 497 469 95 337 929 815 100 911 113 965 376
626 889 863 166 166 337 16 491 799 514 141 64 635 567 295 161 874 458 879 722 55 438 514 517 578 928 713 574 230 41
615 524 866 5 685 416 440 415 725 452 771 333 908 405 332 231 773 399 12 35 200 340 882 168 27 783 924 718 530 221
951 797 544 333 274 986 970 757 934 583 823 274 284 203 312 853 425 969 343 524 682 978 30 458 501 121 579 829 482 544
270 791 404 287 189 570 636 733 381 544 372 889 78 623 78 995 543 946 486 953 111 900 489 92 380 165 544 729 194 1006
96 71 418 987 28 377 272 853 948 568 371 2 191 131 758 384 143 369 440 460 855 464 141 433 619 220 357 829 191 13
366 524 365 348 117 693 523 921 294 371 524 9 123 423 530 587 630 666 511 915 439 914 450 785 210 153 490 37 975 873
345 196 941 817 10 36 799 841 567 640 479 172 130 36 350 673 923 842 70 993 342 550 779 740 937 335 134 403 769 191
212 76 38 954 747 267 767 144 888 452 42 528 388 593 978 78 161 897 629 761 444 674 284 805 959 882 525 824 619 161
313 824 529 1 878 155 473 695 725 246 77 475 352 670 574 466 521 313 157 791 730 765 791 940 242 36 541 132 260 686
536 180 312 927 690 986 757 597 480 75 685 993 388 220 517 325 691 130 370 262 939 295 940 884 721 230 180 981 446 883
735 622 722 147 334 103 905 636 874 282 201 831 107 607 985 411 123 894 659 711 894 345 267 828 920 961 371 466 170 817
497 608 236 397 905 773 150 436 844 616 206 676 166 645 220 648 911 980 404 870 105 294 428 402 1002 199 992 161 627 839
677 568 795 763 899 724 708 566 25 594 913 645 709 256 611 601 710 637 240 891 575 255 223 246 463 580 751 956 55 645
464 831 299 631 849 644 363 166 977 431 525 852 448 15 141 795 886 589 737 316 708 929 903 58 175 325 157 756 897 869
63 969 569 862 81 20 658 14 68 942 329 110 999 138 870 204 827 851 519 70 76 375 973 36 630 484 578 188 872 801
400 830 872 444 184 107 869 785 79 908 877 352 438 917 201 999 643 485 27 90 537 896 593 540 534 243 825 169 808 244
864 916 476 732 322 325 229 350 723 331 813 138 948 860 718 775 218 93 259 313 683 109 589 241 930 395 1004 310 336 710
522 1005 684 354 915 344 796 169 857 274 279 205 378 178 709 220 410 817 396 278 275 635 778 525 769 546 113 28 369 688
83 409 897 933 250 569 203 6 380 92 11 675 482 618 701 637 465 209 183 440 836 708 396 108 25 123 286 861 482 817
28 64 405 906 789 180 446 585 298 600 206 579 157 38 596 891 820 165 404 726 849 802 743 968 761 248 882 333 677 910
683 555 912 201 781 224 375 699 910 204 516 864 475 526 210 475 636 562 594 842 437 111 345 473 48 911 703 494 507 377
346 523 740 132 810 175 524 5 233 476 978 512 781 692 850 461 63 22 417 689 578 498 506 302 360 851 271 216 503 633
63 474 781 316 166 282 183 560 540 170 923 873 556 715 391 63 993 16 982 411 17 361 382 374 981 140 371 376 579 291
188 710 782 90 777 991 414 323 800 245 64 726 780 588 515 912 544 553 615 145 543 702 350 714 119 80 425 606 370 202
431 471 859 240 396 955 789 978 965 920 389 442 32 63 669 262 896 562 219 209 288 510 414 817 459 282 328 318 144 279
192 208 583 718 634 443 925 97 571 231 320 561 465 123 171 444 112 662 917 645 434 62 132 849 503 566 612 915 122 445
238 513 654 42 161 693 152 379 871 292 711 864 129 379 490 81 249 73 973 222 300 760 729 704 758 482 946 574 679 478
652 986 891 461 645 496 927 137 433 738 284 92 818 190 197 73 592 545 212 434 312 709 40 928 525 171 555 124 708 728
595 482 191 675 507 727 414 16 326 416 767 428 282 930 441 959 961 108 789 439 555 550 233 896 900 60 722 552 717 757
353 790 765 802 619 896 637 73 977 485 195 618 636 759 169 471 375 279 242 584 938 38 16 191 488 821 324 249 707 195
210 773 644 600 475 361 673 84 130 444 258 521 255 491 77 145 430 436 51 1005 214 631 821 353 9 993 630 749 778 383
882 311 577 487 727 546 819 46 517 492 679 877 975 788 559 416 668 499 205 522 82 838 933 789 32 213 935 854 550 853
566 494 897 706 299 705 951 728 428 589 718 228 820 345 589 423 578 792 412 942 787 847 0 849 179 677 170 108 297 394
563 791 851 416 687 85 76 355 629 197 488 60 871 786 122 121 657 149 422 625 266 833 811 285 847 624 411 777 79 689
511 366 600 369 93 856 337 485 258 82 104 79 548 643 372 558 390 942 825 42 128 588 911 569 278 780 705 904 716 151
555 81 339 742 961 839 902 780 499 602 760 9 150 68 193 669 745 663 29 366 648 578 315 450 767 73 637 105 598 519
53 884 694 402 120 809 760 469 906 921 666 362 190 730 345 836 222 787 620 322 762 565 581 555 272 522 658 697 45 36
313 282 983 485 517 22 641 882 897 658 965 1005 588 551 677 457 345 362 532 376 971 606 232 784 416 417 614 979 904 638
354 267 244 30 417 1 276 741 167 120 585 478 291 433 454 576 76 729 278 139 847 122 770 705 991 355 675 218 37 353
1006 331 90 2 492 361 445 924 678 27 305 447 247 391 90 747 176 420 121 987 414 122 510 37 24 298 35 625 68 91
422 643 768 719 627 240 226 915 429 424 47 732 814 934 984 616 250 196 137 283 813 548 521 235 701 880 380 946 486 650
319 642 554 864 374 725 7 234 382 951 125 447 106 650 132 305 56 207 986 749 275 118 602 334 671 712 433 134 755 592
135 246 862 163 879 388 852 30 54 508 536 258 481 591 143 535 449 370 430 431 951 660 11 109 710 201 89 202 338 794
763 466 311 472 761 797 948 377 532 952 506 189 847 104 952 37 244 621 813 185 493 150 402 637 880 95 169 205 110 404
14 844 723 636 703 751 764 948 481 991 421 306 180 56 578 919 908 372 279 288 92 758 691 188 898 207 20 578 770 792
169 174 928 147 343 607 860 582 284 750 365 556 372 396 101 633 741 380 203 116 469 535 871 897 687 487 545 496 286 746
96 59 350 96 774 260 783 144 286 408 623 602 381 294 376 909 108 581 712 782 348 481 386 178 46 581 392 851 630 929
593 692 2 922 377 800 869 948 357 210 997 716 117 969 251 243 449 461 675 134 851 140 569 944 253 993 778 825 151 677
207 249 221 339 298 378 608 774 597 277 448 340 968 374 620 120 400 646 656 792 175 868 74 965 816 367 160 157 617 652
297 879 208 515 851 885 96 440 780 395 423 173 113 735 262 943 154 847 552 19 677 572 18 564 981 250 206 432 326 151
949 468 90 265 512 105 880 242 409 83 182 148 868 667 438 704 895 727 785 619 313 757 786 897 57 818 904 775 164 542
850 212 271 250 774 707 946 830 132 887 542 771 551 717 828 832 443 175 702 102 771 980 51 179 284 100 747 110 302 876
455 365 442 854 647 643 340 835 293 804 115 538 483 488 922 281 662 89 176 140 1001 337 222 797 959 42 672 726 976 420
620 208 735 381 228 420 7 941 749 144 571 228 417 124 767 406 741 248 819 539 344 197 93 861 413 407 184 975 723 803
248 463 356 115 219 462 303 258 680 630 875 452 251 794 838 658 1004 688 277 567 242 571 594 722 159 181 645 676 834 154
381 962 747 183 489 150 563 204 327 250 718 203 972 839 199 871 199 271 305 652 150 208 267 216 964 253 369 902 913 334
214 888 210 675 915 717 5 807 146 750 346 904 791 258 233 901 948 694 272 640 995 305 211 299 364 741 488 28 66 777
265 859 744 422 641 625 247 844 613 243 154 319 929 423 130 377 874 873 622 536 308 85 774 530 777 861 379 671 504 755
156 999 862 676 892 379 745 713 877 227 194 725 279 764 371 86 473 618 196 302 918 546 222 189 354 585 756 426 122 375
909 107 1 218 716 856 494 282 520 909 492 299 360 631 150 459 88 182 769 30 196 684 408 877 568 321 469 880 314 335
824 399 334 883 842 302 870 680 985 482 839 839 578 489 452 723 901 342 995 309 417 876 579 929 829 878 502 1006 644 503
510 69 477 864 766 666 335 546 266 252 263 453 974 761 809 450 501 49 829 239 670 476 814 913 609 802 344 227 299 177
433 383 534 761 269 735 486 909 120 329 883 247 584 369 589 995 215 475 215 257 588 461 985 703 943 444 407 833 206 896
705 489 727 607 957 875 27 407 346 372 505 151 991 381 345 902 60 598 101 622 543 420 22 545 10 487 171 132 854 871
768 754 640 419 94 712 474 298 3 291 536 383 651 1001 179 994 578 547 555 166 212 885 788 465 11 920 63 928 334 785
795 962 775 916 913 904 151 422 519 546 215 52 749 925 450 337 878 439 812 523 892 244 627 104 70 991 433 666 968 127
82 645 973 719 861 46 494 911 833 1005 387 434 194 711 978 642 734 827 950 817 169 321 484 63 610 777 799 532 260 408
351 525 515 987 164 233 388 661 849 177 722 465 770 689 220 286 846 445 156 545 744 264 743 383 834 394 633 681 112 510
775 362 692 650 814 981 927 951 162 379 84 291 23 19 85 568 169 517 526 211 482 835 27 212 864 159 149 340 156 275
792 715 694 154 566 705 269 863 915 521 595 806 431 601 66 290 280 475 238 142 52 887 668 940 396 538 993 971 372 795
363 55 432 429 69 605 837 858 103 813 606 997 192 186 191 617 373 753 344 831 498 852 378 925 221 39 451 11 121 71
795 42 934 272 675 78 929 457 696 155 176 133 897 750 509 423 969 19 190 374 494 758 57 863 26 610 114 363 767 418
191 702 208 10 285 990 249 165 20 269 541 992 596 122 728 701 206 440 432 764 335 474 784 606 590 110 917 835 797 432
610 96 372 46 385 131 871 454 260 749 112 453 53 275 541 414 441 982 660 977 278 454 859 777 689 979 523 630 144 697
818 363 684 129 115 608 380 35 867 812 797 305 935 675 751 266 649 754 916 725 129 180 60 720 189 32 731 406 330 117
891 349 203 298 358 613 43 181 427 122 966 82 202 453 507 124 681 942 550 221 765 278 121 694 71 368 339 236 290 865
538 928 999 472 269 113 299 604 674 409 28 125 300 868 632 532 716 960 227 17 160 358 325 52 607 730 878 732 234 728
225 163 401 246 200 274 940 143 351 602 57 256 62 742 36 448 604 718 440 215 515 892 630 486 759 76 898 200 653 844
578 321 750 698 986 384 407 635 133 324 813 609 117 576 741 886 405 369 411 202 547 969 1004 37 991 546 588 299 355 124
665 995 193 492 840 193 641 966 990 102 710 503 916 499 138 664 116 387 993 810 342 315 293 849 293 970 102 508 654 180
933 982 795 321 562 964 421 978 338 562 519 135 972 557 467 520 814 709 343 427 569 783 720 949 62 598 540 811 436 885
653 1005 62 600 259 258 90 476 91 790 168 496 212 942 52 82 637 973 984 493 475 670 594 958 810 788 135 55 721 641
944 739 72 351 157 94 466 527 267 588 125 243 15 637 62 478 382 830 831 982 783 328 151 1006 40 413 71 928 14 585
35 765 735 778 586 719 402 902 311 752 123 819 927 428 120 940 471 476 24 978 982 964 2 768 604 614 839 122 141 610
484 923 27 818 685 756 91 673 889 232 448 400 561 357 491 177 1004 694 164 623 377 120 173 462 456 45 160 74 517 212
713 520 231 6 144 310 966 919 969 550 540 213 257 398 1006 977 808 28 279 570 673 261 332 226 321 696 170 840 351 754
778 240 887 711 807 139 880 376 126 478 678 402 6 549 888 819 825 566 574 669 648 810 806 993 552 261 775 560 756 707
55 774 667 540 607 881 959 550 83 150 536 898 732 66 384 989 70 378 475 171 918 116 656 127 17 731 362 160 634 550
49 133 875 490 406 842 779 93 316 454 590 369 332 107 730 740 165 60 482 867 412 706 819 565 703 370 102 168 295 463
324 386 796 85 122 29 204 273 185 896 225 523 726 415 536 594 773 980 808 204 618 615 483 844 743 47 89 696 892 728
407 169 255 389 255 185 798 394 741 15 541 471 950 100 584 563 649 493 927 733 937 440 161 910 45 84 35 49 739 82
417 143 670 174 441 867 107 344 915 434 845 620 986 568 634 292 914 873 178 813 456 54 956 157 158 357 592 693 857 793
19 874 501 72 941 740 142 912 282 744 222 818 617 69 181 473 983 48 297 118 688 206 947 838 130 154 571 901 570 238
425 151 620 593 302 559 811 456 612 665 359 699 634 440 133 966 618 221 214 545 855 780 917 184 48 168 750 267 704 123
654 28 383 196 419 18 297 160 154 608 133 383 471 267 750 820 140 576 509 95 845 655 740 830 856 274 818 67 422 167
129 59 156 348 131 705 917 642 947 361 439 518 477 693 936 782 161 147 494 373 126 14 37 911 971 614 115 600 574 858
611 37 155 296 216 840 540 281 738 204 297 814 871 123 354 914 413 586 991 1003 82 65 868 291 998 878 127 362 573 66
80 323 694 64 685 455 586 360 291 607 136 462 237 572 400 32 531 389 567 76 326 270 817 643 419 758 60 214 531 277
129 949 764 625 150 982 667 19 824 701 368 925 371 80 144 698 702 944 115 330 685 516 993 30 189 530 523 226 198 759
428 602 858 282 237 511 425 564 272 271 27 527 322 262 942 388 523 875 628 290 947 92 334 479 914 405 964 295 437 867
394 473 870 764 31 172 512 209 903 127 616 979 432 831 523 897 971 971 949 487 852 717 289 327 457 570 531 338 529 307
230 229 288 811 735 509 280 435 612 353 294 413 715 630 117 228 168 331 546 350 832 988 353 173 354 635 578 602 899 889
557 21 114 797 793 769 325 364 871 810 220 525 529 860 416 567 9 993 332 168 459 978 251 460 979 827 89 526 881 50
519 756 121 473 890 478 957 15 90 410 286 6 938 970 408 197 373 781 732 321 743 680 340 468 141 488 662 963 673 64
22 323 701 741 215 32 779 320 94 706 994 399 941 108 787 101 874 68 573 519 474 616 256 716 34 124 656 27 991 836
933 355 419 577 996 805 442 328 429 878 567 397 183 397 644 549 227 674 682 524 699 393 430 5 29 868 464 637 924 148
857 981 95 330 542 528 381 866 704 256 1004 420 159 924 830 770 312 725 137 889 402 303 826 579 55 441 680 854 342 289
866 425 91 598 814 255 351 494 807 211 461 756 839 331 470 107 555 664 931 672 465 530 402 192 651 327 571 914 862 17
542 199 96 716 372 811 834 886 690 794 971 200 802 806 113 256 419 443 841 8 961 340 92 185 525 65 176 813 790 458
924 348 753 785 319 854 867 360 530 255 672 775 166 968 121 856 281 127 346 48 468 491 761 757 703 540 484 531 133 276
934 22 730 438 630 913 674 578 534 376 127 899 1003 122 101 193 610 973 834 680 235 548 622 880 824 113 22 839 286 577
706 404 0 623 245 931 257 294 384 81 651 40 895 689 984 64 1001 92 84 270 277 815 495 267 374 842 956 889 159 63
53 240 224 191 933 294 484 118 638 621 288 159 508 141 486 701 527 517 850 94 881 661 48 897 567 225 749 964 110 823
757 973 731 226 642 642 415 421 146 653 558 959 14 926 235 769 180 121 333 726 93 139 399 710 682 336 358 315 911 699
351 443 993 247 484 372 661 494 989 631 99 791 609 125 624 413 314 503 225 870 229 82 591 562 11 68 492 175 323 1000
843 425 985 734 533 651 703 0 754 632 261 432 300 846 946 711 699 825 716 878 143 160 417 105 5 871 666 107 736 927
311 754 519 486 790 422 987 280 727 807 698 694 4 896 590 982 544 779 63 424 761 945 879 505 215 340 99 204 974 551
963 645 872 355 229 719 851 571 945 434 161 994 393 41 399 931 285 424 324 724 621 904 552 506 280 64 704 858 156 469
66 653 311 835 641 863 250 50 780 810 148 320 566 493 11 766 282 1004 952 873 776 715 324 39 26 694 35 690 477 359
727 358 341 423 472 278 560 560 353 57 280 2 182 360 477 750 648 140 332 1001 418 221 465 524 466 620 212 355 367 619
822 576 583 191 257 212 668 644 667 271 992 829 376 732 490 1 463 651 147 372 590 882 993 144 219 571 313 451 311 264
954 678 169 758 714 464 73 118 179 599 637 312 5 96 33 471 397 217 814 274 311 362 213 792 831 464 890 162 613 146
1005 351 196 923 357 534 385 844 245 874 525 127 909 530 144 310 312 930 166 674 469 574 301 680 304 452 112 701 759 616
588 754 439 699 167 345 504 579 740 922 770 873 673 511 631 260 530 78 706 641 551 208 319 955 348 546 381 167 994 187
151 805 824 16 135 66 828 898 386 480 178 651 1001 780 96 220 813 267 140 428 623 684 639 452 885 284 417 164 47 390
63 965 815 832 34 736 509 575 938 126 319 847 828 980 907 77 218 496 846 40 516 868 62 33 177 175 1004 506 724 134
747 242 783 281 917 793 8 95 592 569 534 895 463 936 189 410 578 170 780 690 254 312 222 317 535 837 118 991 51 806
269 181 79 296 787 48 921 29 53 536 280 717 116 850 268 628 72 161 391 376 889 234 14 910 470 642 478 499 45 569
662 623 371 859 109 387 744 17 208 712 496 397 832 280 947 418 335 617 49 972 60 512 457 675 792 763 465 947 126 798
43 106 648 655 982 539 335 344 978 337 890 644 296 338 187 537 310 977 763 452 870 516 950 250 665 588 679 442 980 849
562 920 467 415 830 201 12 649 321 348 416 674 940 25 785 407 281 646 851 746 719 841 80 433 331 604 902 90 593 529
845 32 941 927 370 445 497 972 805 577 531 91 526 72 240 653 461 6 423 111 907 431 645 314 43 171 865 866 806 605
593 944 706 643 408 710 865 151 867 817 753 768 15 864 779 674 801 163 303 300 128 307 159 191 196 339 959 974 269 780
645 668 782 722 555 786 419 607 240 599 31 551 518 279 813 824 180 958 65 852 650 729 640 887 115 211 735 471 732 706
303 136 594 603 358 896 415 938 224 220 302 369 760 324 173 803 42 807 134 8 438 247 755 487 362 331 992 678 355 728
814 984 170 32 377 401 433 43 11 760 249 325 938 982 281 131 924 198 171 418 830 462 871 321 903 462 860 790 242 992
236 450 742 892 745 254 243 344 474 874 376 174 556 758 960 474 905 470 450 191 261 740 907 222 962 676 662 829 830 418
92 793 337 172 110 334 416 963 347 249 353 792 80 154 219 983 647 658 909 623 26 397 931 219 836 433 974 618 906 2
32 273 252 457 215 747 272 141 479 150 837 716 317 946 162 790 774 827 240 896 115 852 807 201 844 513 105 100 796 734
513 252 329 727 10 257 243 612 957 482 817 831 39 296 141 776 80 943 635 504 906 492 313 582 506 832 676 932 848 658
32 518 846 231 145 642 106 435 261 538 12 383 318 837 937 400 144 700 605 313 434 473 433 780 997 209 372 151 413 592
918 600 801 756 114 275 991 551 856 678 805 421 638 954 197 794 772 850 215 343 829 272 432 809 906 347 788 764 586 9
479 508 577 331 656 83 167 547 145 94 749 884 698 662 749 960 339 50 551 291 970 866 165 951 580 429 139 329 298 454
937 24 946 22 341 796 640 419 109 678 67 779 553 984 835 911 635 672 861 469 500 549 192 309 334 148 973 18 604 390
724 151 1003 917 582 690 430 742 654 293 860 360 504 510 166 661 696 789 747 933 175 984 82 148 864 404 605 909 731 641
1003 728 302 973 156 864 253 631 203 845 645 834 782 462 591 454 698 865 413 229 187 483 497 54 879 530 784 265 200 455
374 340 486 585 823 899 568 51 457 16 202 995 844 713 948 842 576 989 878 541 433 834 802 637 774 372 211 893 733 829
923 315 465 163 852 131 578 855 933 547 117 505 22 199 729 478 727 966 729 833 447 936 305 33 285 280 785 860 44 521
434 645 961 461 163 286 1 919 515 315 262 922 804 634 708 35 188 756 75 777 224 460 327 262 596 208 962 282 948 995
900 837 26 323 750 77 763 744 265 125 409 738 553 544 3 193 835 330 691 931 712 138 440 879 339 597 89 727 726 309
632 850 296 295 767 608 845 173 552 701 458 126 341 840 111 824 459 722 380 767 122 693 124 417 298 469 741 297 817 722
910 305 767 434 101 864 675 137 827 324 516 246 430 340 234 666 931 504 896 540 726 574 325 63 406 584 783 229 696 628
32 139 282 202 386 103 779 289 206 160 581 386 779 822 780 547 419 766 853 441 658 148 588 293 744 524 279 440 529 297
274 5 130 201 909 604 877 385 720 137 910 239 851 464 749 155 803 933 225 124 379 791 322 245 58 190 756 90 599 680
935 650 486 498 612 156 492 223 455 95 492 546 882 644 146 540 131 11 490 61 814 487 827 303 696 631 174 522 435 666
981 991 416 634 879 358 160 152 815 824 915 303 1002 10 262 534 476 158 491 542 45 49 438 554 783 248 283 811 253 955
7 165 884 916 930 236 475 984 984 79 94 367 929 683 982 492 307 653 34 866 976 587 16 759 437 173 347 716 145 80
719 83 328 60 666 74 252 868 967 608 384 179 912 156 767 860 378 331 516 182 104 567 110 358 681 431 679 937 484 36
169 858 136 266 404 820 946 423 92 173 793 753 853 700 991 367 525 23 264 672 170 570 890 286 124 50 942 624 165 94
577 428 497 912 126 108 94 585 41 450 598 380 586 258 475 233 1003 540 522 216 674 121 827 198 871 243 786 197 429 549
93 909 426 493 722 679 718 641 965 1002 451 64 43 653 349 48 812 974 178 589 3 988 616 993 935 336 112 292 783 789
961 239 443 559 276 496 830 363 481 475 483 320 984 913 727 678 872 45 276 810 214 224 341 993 449 972 637 607 105 678
316 902 672 965 767 287 836 516 627 710 174 871 478 449 955 238 505 497 866 291 48 434 334 501 754 585 779 566 994 468
811 766 403 154 466 183 681 841 624 711 264 849 702 279 389 732 481 413 969 986 960 223 636 786 66 546 802 47 619 359
69 683 147 156 324 734 604 679 955 188 367 412 7 258 631 575 478 299 660 496 240 299 152 845 991 752 744 114 590 185
732 320 335 740 960 735 1006 372 513 388 237 392 33 580 948 996 237 971 519 22 493 955 446 820 698 508 131 194 175 77
900 144 962 914 115 693 869 335 356 346 951 797 715 149 695 252 172 499 476 1000 142 836 61 1002 606 77 608 435 111 302
971 183 750 593 188 844 18 708 476 774 944 121 844 110 575 542 493 886 316 437 767 689 409 616 712 501 190 246 952 291
728 432 699 615 33 394 295 720 240 812 65 71 163 763 996 442 31 866 786 671 960 42 271 528 562 175 451 815 962 328
568 859 441 508 198 46 364 958 912 534 567 712 939 524 983 78 62 808 712 429 290 561 893 244 55 751 486 469 354 336
181 354 988 554 371 824 992 864 488 638 498 135 65 693 166 756 773 910 229 419 231 656 120 474 882 293 934 183 530 720
963 720 225 115 98 444 805 780 874 547 151 729 887 127 612 340 200 995 360 10 502 719 678 441 210 750 79 726 886 832
54 810 743 696 202 433 283 569 498 53 570 81 450 915 700 48 0 327 795 10 22 572 472 914 724 930 456 595 206 3
892 725 419 864 343 1004 99 867 998 673 527 758 211 428 293 1002 406 395 973 63 758 350 63 313 245 804 725 760 143 856
604 580 937 747 922 722 337 767 2 344 1006 999 796 702 344 565 340 816 36 258 771 292 862 268 233 249 440 304 879 3
382 417 847 307 54 513 93 322 100 779 800 159 202 67 193 372 74 545 233 921 484 811 695 598 642 976 882 730 575 18
506 623 980 675 393 357 879 317 605 171 48 4 307 458 787 516 381 799 593 33 273 791 808 800 106 3 473 208 772 286
428 135 776 960 719 585 474 41 843 999 323 207 978 718 917 10 934 595 108 717 230 475 896 490 528 1001 342 30 808 770
798 344 11 840 28 940 317 573 68 192 652 746 33 432 468 205 465 605 535 780 63 424 581 168 353 896 518 212 697 952
349 572 882 933 439 79 728 834 1 253 22 851 72 717 206 785 638 138 94 84 475 507 957 709 411 466 143 36 329 1005
177 132 550 396 983 760 500 455 668 522 521 83 699 33 675 509 624 27 354 665 759 454 813 446 431 881 210 639 223 223
587 208 663 473 828 769 314 386 350 345 831 834 995 592 402 404 47 39 827 791 590 803 539 430 732 294 200 139 472 163
568 356 122 686 460 347 424 251 990 738 540 60 31 62 155 448 764 872 122 215 156 335 909 510 713 914 89 41 936 207
186 406 262 328 619 794 265 978 677 272 544 143 326 898 961 351 82 514 733 721 427 473 500 685 194 96 707 754 523 877
680 430 703 453 644 757 335 99 645 981 190 796 159 905 865 404 843 482 174 883 233 62 390 341 601 662 244 497 423 58
716 367 369 458 785 942 923 818 153 539 261 869 663 373 392 532 710 101 535 27 955 444 857 735 884 331 714 99 351 255
856 706 957 201 454 65 275 388 345 923 772 244 547 591 905 480 711 243 398 580 959 700 182 858 956 550 217 970 889 450
190 580 268 790 967 317 844 582 632 721 969 212 959 980 754 883 34 344 565 734 570 185 669 607 867 482 649 528 55 610
799 419 562 276 1006 960 694 431 456 549 57 397 316 299 55 451 191 69 96 248 727 875 337 39 509 583 355 5 938 729
358 332 367 914 660 494 548 849 854 318 563 786 598 33 599 98 434 778 282 597 328 724 538 518 388 844 317 910 278 981
806 974 545 573 627 818 856 469 1002 728 839 926 992 632 303 142 653 544 982 356 204 186 528 678 605 756 22 577 808 462
236 995 649 528 600 781 857 234 303 773 713 562 439 257 707 795 358 904 23 403 439 493 928 179 1 312 292 406 796 276
423 541 345 230 44 347 162 835 13 155 840 889 699 244 875 909 605 30 863 585 786 855 315 605 506 729 946 75 483 60
396 748 601 664 758 533 433 929 441 531 481 250 240 623 683 41 489 21 872 945 795 807 964 557 673 241 964 637 226 295
174 581 76 564 403 547 461 622 943 893 80 479 686 562 765 818 820 471 686 68 948 462 6 978 528 299 651 50 439 505
90 244 544 749 364 68 308 976 80 977 466 228 361 116 308 917 901 16 767 914 888 265 347 834 967 405 94 994 147 191
313 596 817 876 983 809 289 276 437 63 311 895 996 539 84 716 108 145 444 544 364 623 644 438 898 905 489 213 800 50
261 915 12 692 213 917 352 282 994 310 96 865 409 730 935 446 733 724 504 655 453 534 106 942 648 267 313 849 484 465
857 640 883 948 261 58 594 110 450 47 750 320 268 134 749 72 893 588 36 404 526 571 258 890 187 354 328 328 184 717
71 452 246 831 725 860 481 382 72 776 786 26 1002 887 802 269 339 828 567 268 446 787 920 20 279 333 941 524 431 575
870 962 716 60 890 876 854 47 895 272 21 101 391 951 880 764 144 325 354 219 25 371 654 874 704 307 736 846 226 818
444 17 1002 965 459 782 65 844 851 848 515 695 465 542 757 115 901 715 922 110 289 144 934 219 612 310 25 166 722 251
440 369 175 542 569 153 699 221 528 390 605 887 837 906 850 645 138 940 576 696 511 118 675 384 997 519 23 878 18 536
543 836 100 892 906 433 64 510 501 628 508 865 454 344 83 900 133 951 701 334 697 338 239 727 0 402 798 444 889 687
