66 -78 609 -446 361 461 -529 -18 -208 -387 281 -356 211 98 -515 257 -62 -91 360 669 -342 -95 321 181 27 802 174 -458 509 -166
42 112 -560 -391 -136 434 -420 -975 -5 222 514 -59 -414 642 -116 250 -430 -304 -117 337 -496 472 -245 -286 -8 56 -494 -242 -482 8
127 373 -475 94 110 639 462 717 -145 -856 116 426 690 30 -202 152 175 -816 202 -705 -503 759 439 -158 33 -825 -102 -21 -226 -560
141 53 110 -377 -556 -281 462 27 -26 287 82 -20 -203 340 -193 -169 165 618 -529 805 -770 234 -371 -517 -387 916 172 2 561 -119
376 435 -754 -764 304 -562 148 -568 -474 256 -503 -168 329 -430 371 -573 32 66 421 -135 280 -256 -651 -434 168 -283 87 -448 636 85
-617 410 185 -434 -276 290 203 -456 121 256 -155 -9 123 -667 -58 177 113 11 378 -61 -137 -639 870 493 137 199 400 670 -533 250
-225 494 373 277 -39 843 227 613 -286 2 536 119 20 -509 -392 -368 -136 -264 -370 237 243 285 412 -136 53 -31 366 -7 151 -807
-540 213 726 507 -453 -796 44 -360 -785 -231 44 740 -507 131 577 -123 422 357 -741 -541 -735 745 84 -601 742 -158 -555 -383 -132 91
-39 19 -370 -279 -449 48 -98 -687 -355 -71 -324 59 -658 -409 -531 130 -304 -811 22 239 -689 21 156 722 -716 263 396 479 425 -79
-246 362 233 -376 370 -694 -183 456 -187 -498 -105 -920 387 965 -631 -661 764 -500 -385 758 19 -300 -22 66 496 -461 -250 -68 149 -660
713 9 695 323 -269 -408 307 -803 337 -631 428 -242 402 -214 -422 97 -29 -78 -210 354 233 105 -400 899 843 -62 164 -621 334 -54
236 -405 255 -138 -4 -419 479 30 468 -269 -235 268 -375 262 -45 -530 -210 343 -149 638 -367 -453 -114 284 8 713 -833 -198 8 144
-127 314 555 341 447 -112 -721 109 22 -579 -892 -406 -611 85 -653 -105 -234 -312 -338 -133 -234 417 136 -319 -351 -5 692 92 200 -427
255 -616 -203 452 103 792 -561 653 -303 -510 -250 -462 -138 -174 -69 41 -558 555 268 -133 218 -171 -398 -247 -504 293 -17 584 -498 -112
-452 -271 -35 73 -198 824 -609 -770 -792 -6 664 -109 612 37 -314 -132 665 -520 47 -310 157 -448 -733 -290 620 -410 853 778 689 -74
-23 -572 154 6 -259 76 -37 -15 -441 -545 383 24 -296 -100 706 289 -435 83 -204 -540 -414 62 295 -143 -254 1 -385 -360 83 -383
180 -691 -30 259 -159 861 -258 -280 690 95 -625 -33 218 -841 42 296 -55 -31 39 -140 -851 -353 204 -655 -402 75 -145 -313 10 -370
-282 14 -46 -158 -391 327 182 -106 -444 -27 -101 -165 442 49 -170 909 -121 182 442 -273 -832 14 57 -416 -74 677 99 332 -421 861
67 -156 445 -429 -546 722 -916 14 -29 -229 673 292 -170 171 475 -75 347 -359 51 -367 509 348 -305 230 -503 488 -367 -139 -193 403
-17 -60 -393 610 191 637 388 -9 321 -118 447 282 95 -47 542 -345 -233 93 -116 213 734 -120 -210 -865 -483 208 434 259 582 -287
476 185 486 13 38 -299 -784 561 246 -106 76 2 -851 267 122 -800 -893 -308 445 263 659 -364 287 -519 154 -715 -521 479 112 2
-435 159 491 -298 592 -541 -180 756 -514 278 410 -622 -361 20 -740 -68 74 809 21 394 -270 -108 174 233 748 20 138 167 774 -114
886 250 -450 168 -550 -313 -90 571 -21 -76 -359 234 150 -573 397 -250 -30 -47 -127 237 -153 -477 302 -71 507 415 -475 -457 451 -725
-554 -173 -57 707 -459 558 -552 640 645 182 125 -856 -15 -280 -533 -830 -38 258 165 -107 709 -255 321 81 -199 526 -786 647 -136 -203
715 164 -77 326 236 -153 -65 -128 282 829 119 308 -788 269 229 85 790 -582 148 13 16 248 452 340 500 -730 817 839 699 180
543 -313 -397 893 706 220 -532 169 140 -183 -399 216 8 -293 -4 18 315 -474 -122 547 -808 475 125 163 625 951 -333 95 -155 359
320 308 140 -122 951 -44 -321 18 -462 -472 362 -414 170 -135 220 -531 -668 47 192 713 -665 779 588 -38 -133 445 -125 -104 72 136
99 323 696 -105 234 -360 -339 354 -19 501 166 526 -26 -110 -817 -431 202 453 32 66 678 -278 -184 -183 210 210 15 -47 563 78
5 41 773 -487 -47 728 -613 -208 -50 -270 368 431 77 681 -197 704 -11 935 -668 -158 -435 154 -79 -304 -98 677 874 -473 -493 105
-282 199 -66 98 421 822 198 -328 -517 -571 676 13 275 -602 79 -698 235 -223 478 -869 -489 -236 -121 -40 -255 -166 455 288 569 8
297 655 -231 -962 942 107 375 -50 101 -29 351 -212 391 457 342 336 -182 869 195 239 128 219 -375 -664 -38 882 -660 -372 -672 -446
613 439 -765 118 465 -43 -317 350 -283 -314 -653 493 -113 -499 113 -70 255 179 -92 -300 380 255 717 -448 -619 -691 -134 -174 414 306
-200 -352 -329 144 -10 -656 828 139 689 764 -279 513 -18 -110 -55 -109 -337 257 219 212 -236 24 644 -289 436 55 96 677 784 -619
472 638 -186 -208 -401 -11 457 275 -179 -311 -709 200 720 -254 -595 -19 -398 256 -554 -186 -497 -165 -843 91 63 546 652 -171 180 232
-5 -302 -76 346 355 362 307 477 -61 -44 534 -157 -155 -327 609 306 100 897 -423 5 -416 336 -751 290 -885 -14 -320 -796 247 320
-191 159 -58 -401 -31 72 262 -165 368 -29 493 -196 325 696 757 588 345 -260 829 -104 285 315 112 -498 37 142 618 16 847 -174
755 227 -349 254 85 -77 -216 -260 354 -386 217 -828 -282 -33 -39 511 451 -122 99 -214 369 329 643 -2 75 611 432 125 -415 141
-269 141 2 -252 645 -71 36 33 -154 -476 -410 -711 199 -214 -31 -61 188 723 42 -282 -425 -321 -490 -517 602 123 -165 -803 -386 -149
323 -1 560 765 -547 -396 -358 -188 -221 177 255 -360 -497 -676 495 377 -494 -88 180 -47 274 136 466 -491 24 -490 -846 444 601 93
289 208 -193 8 394 -404 30 744 1 -364 -623 -62 -103 366 -414 -287 246 969 -128 -50 102 -694 161 -244 627 -193 582 293 288 -21
339 16 527 -230 153 -482 681 160 -118 -433 770 289 -449 159 -660 453 -231 499 -491 233 -171 -232 183 338 -48 41 -303 -71 -147 150
-455 230 314 619 755 203 -79 637 -837 343 345 -458 628 -893 195 -455 -265 -66 13 -614 524 -831 -420 142 123 799 181 48 -3 834
845 -460 -267 -428 -43 715 424 203 522 -82 288 59 -99 -914 720 894 152 528 20 -387 153 -129 261 326 237 463 452 463 -97 491
411 675 439 553 350 -303 101 672 -331 222 259 54 -106 -246 -594 -120 348 427 631 602 -231 237 -864 116 724 756 502 155 342 -347
-114 64 64 -799 -225 238 323 -419 -74 -187 21 465 -529 -80 -435 291 232 264 289 -553 -39 -500 -36 217 411 -280 465 765 -363 162
-136 -166 -328 -150 736 -220 414 802 444 349 482 -793 -194 -72 -708 99 6 -669 122 394 293 677 302 -612 636 -181 -154 -130 237 -265
-597 537 68 -497 -61 -203 -761 956 319 -111 -213 -164 -133 92 923 371 -442 -290 -136 -238 -610 -580 692 -61 2 536 13 -185 227 -740
-77 147 385 -464 -830 584 54 88 558 317 -187 215 -478 -843 -14 -145 362 221 -130 172 595 -475 163 124 613 -44 252 -575 -553 -675
534 -438 366 518 265 79 188 71 -289 -611 449 -380 -259 137 745 675 260 -74 -146 -87 -756 560 187 -91 -295 305 403 351 -56 249
256 -233 289 -396 135 174 229 -189 -281 -573 342 -511 -97 27 357 38 -367 -468 277 -29 472 691 71 -208 297 314 518 213 606 -560
809 118 475 294 -123 -394 -704 -232 94 -423 -68 382 -41 -87 -373 140 -611 -319 884 -637 -14 -322 204 261 -354 -138 31 186 -35 -40
-817 284 67 647 -13 -206 731 -366 -33 -205 110 612 473 20 837 349 451 445 -226 327 -535 -333 -508 -547 313 250 502 288 660 881
643 922 -523 -142 144 -371 -44 45 728 439 -945 -239 1 -815 -107 -238 -620 -353 -264 157 -29 344 -512 -295 77 223 -243 613 -464 -673
217 432 -597 545 171 979 -547 663 -448 -606 -145 912 -226 211 50 -85 -777 -827 -100 -417 -318 101 -287 -93 86 -664 49 -855 517 -751
-507 522 -239 -564 -414 -384 -57 -333 -307 729 -328 -98 593 -422 -375 183 395 452 198 208 -234 -34 844 462 174 -29 -221 504 -138 -87
392 -148 45 417 -462 589 206 -420 125 136 -324 137 666 115 617 -171 -127 -568 339 -158 -806 146 109 -145 -133 -487 -635 -14 -400 -14
152 -222 -499 558 220 101 360 503 145 72 531 -385 86 289 167 342 -68 723 -310 -728 48 842 -295 -346 -570 -834 586 129 -317 505
546 27 -435 -25 -210 -548 -180 -350 895 -71 49 -138 851 218 -399 370 457 -105 -60 151 -49 251 100 713 250 245 578 -672 -86 -139
32 11 -255 -428 157 -77 -387 594 487 563 11 80 811 -856 272 -471 -774 -179 437 -53 -2 -608 295 -958 460 817 388 -353 -122 482
226 164 79 -660 385 702 -57 115 -440 -204 -436 -339 -369 -165 -495 8 -109 -242 519 882 -281 349 774 401 742 440 -84 32 -645 -11
185 -276 -17 53 -283 585 602 581 -135 -56 221 206 -4 -251 -562 10 -127 219 83 2 297 680 396 -57 404 -953 575 323 -412 -375
-395 200 -213 -13 -701 37 -272 -469 175 125 -289 -557 -205 792 -550 153 286 -296 584 -97 -184 -634 -31 317 -402 -414 114 739 67 215
95 -204 250 -36 400 198 -488 57 558 -395 -142 -452 -680 192 -114 315 -550 -231 95 -734 -435 396 133 -34 -135 9 340 -221 828 -167
636 434 -585 516 150 518 -350 -126 -149 459 500 265 -630 166 -424 40 -143 201 -376 -228 -119 -697 218 -85 12 -406 -150 303 409 -267
-50 -361 230 -704 104 -352 -111 -343 152 -261 86 -69 -7 225 -132 -231 381 445 -269 -423 -293 182 719 247 -715 -57 -671 -152 625 31
-424 -425 -6 -383 -208 6 -496 111 -273 415 -410 229 42 -120 -71 36 493 -257 -200 494 15 735 -578 -33 -753 -305 -332 467 -592 -93
357 -359 681 -42 159 179 383 201 523 652 -813 -257 19 252 -399 -606 -714 -191 -842 496 -269 342 -711 565 -409 400 -12 260 -527 323
388 25 -10 -243 871 -2 -525 405 -591 -280 336 -359 -282 109 753 209 443 118 -674 13 -139 -389 111 -961 428 817 -829 -172 479 0
529 -309 52 -110 -335 394 36 -251 388 915 178 -78 -1 -358 448 241 -441 -434 149 -523 11 -826 607 300 418 387 -50 -357 -15 -893
801 -209 574 41 234 -343 -395 -89 467 106 760 -670 325 -648 117 -827 -112 726 -461 209 -274 288 174 634 403 474 136 -260 -75 -127
-103 -383 -79 -255 -301 -411 -258 48 402 411 297 -72 -21 130 -743 28 56 11 -717 651 946 360 -426 -320 195 131 -762 -86 367 -627
23 -63 -54 226 -49 -368 432 300 -270 -371 321 400 656 744 554 -154 -59 205 224 -236 742 -23 157 -123 570 425 -296 57 887 -558
99 273 -25 -10 -161 -668 53 227 674 309 360 -88 220 22 -48 -559 -268 -319 -38 -286 -499 -741 761 -872 -15 -91 -254 -419 -568 -56
-210 20 -157 -375 195 386 88 -628 -568 -455 369 -10 168 -330 587 709 -108 -216 309 198 -75 -483 -766 95 383 764 -189 711 -39 -707
-368 -10 269 492 124 -594 -158 -46 -401 -108 299 513 -91 550 141 236 308 510 -83 -178 -36 -244 82 806 -38 33 -266 -40 344 -406
518 245 112 -829 -118 -81 607 -855 273 -601 213 -347 261 -269 472 -2 624 312 -195 -454 23 -129 216 -344 397 344 -124 -154 229 109
418 229 -16 668 354 0 408 -691 506 -165 173 -94 568 -521 104 -346 -429 -205 114 -42 -690 -305 -120 -57 238 598 187 -388 218 270
129 -387 -844 -642 -760 -75 -254 315 -227 -345 -315 162 -9 68 -976 -642 96 -625 -172 799 186 -577 -338 -98 326 214 176 441 -106 256
267 -71 871 -159 700 -485 -337 295 271 101 39 -288 -526 245 192 547 -226 -211 -308 -54 -419 295 745 -47 67 -649 313 -618 143 223
-700 -160 302 -71 -320 -244 -122 -602 26 559 86 97 755 204 -136 -291 531 -448 -288 -452 867 64 -47 603 751 291 -210 127 -42 316
-26 -43 195 181 -255 197 -253 -665 -542 -823 682 -393 -69 -332 -23 -181 -109 -191 -658 -670 -312 888 -352 -452 545 -268 -185 -102 -2 28
-537 198 -647 -48 -140 61 -666 756 -30 -30 344 -70 560 40 -168 464 -594 -455 -717 650 -184 122 -106 -159 -177 -192 -107 610 807 -313
155 253 -277 -91 -280 310 185 695 -86 311 -385 873 401 -322 -581 -160 196 350 -206 74 -353 18 158 97 879 -215 -786 489 -213 11
87 -536 -126 -61 296 -876 -38 863 -572 -644 838 -280 360 -360 -254 -580 -381 468 267 -127 -293 370 453 377 -451 768 706 -134 -224 -327
74 -704 -387 -647 -377 496 -183 384 -414 29 -683 409 -150 330 -143 32 817 408 -143 467 266 276 241 -938 -266 308 362 766 -648 334
876 350 -390 -280 396 -335 222 865 -344 -122 46 464 -488 -438 628 -151 -406 -813 526 505 111 -922 -545 126 -351 840 -55 263 14 -143
-352 602 262 97 642 6 898 816 -557 74 223 -41 330 313 197 -230 191 286 561 -268 249 -654 -831 -66 353 823 -133 636 697 -185
-433 -528 -877 -278 -610 -801 691 929 -417 436 99 -777 -395 -238 715 208 -151 83 649 95 -331 -149 -22 -588 -800 356 -611 -209 24 315
420 -392 425 435 -803 897 388 -142 -175 83 -229 281 75 665 492 178 -583 -681 104 149 195 -40 779 -44 -368 21 -259 230 231 649
33 18 -789 362 314 -433 -293 -365 -192 149 380 742 69 -169 35 -128 -358 -162 220 -391 -48 24 -256 152 -684 426 200 805 -392 -228
-30 332 -804 113 -14 35 579 157 333 -369 116 -260 -538 118 325 324 261 -494 362 56 88 -199 -394 48 -136 472 -860 717 383 -8
-502 438 -282 586 -807 -343 -357 -307 -125 -142 71 190 299 405 445 -487 287 -671 -399 -1 362 -591 660 116 198 874 638 -587 297 -8
-386 444 362 188 -891 815 140 700 624 819 -114 208 -33 -29 585 -219 532 -284 -437 -354 318 -17 205 163 -61 -619 -383 313 233 460
522 -474 -499 254 118 146 21 806 -381 -7 -101 -254 174 -257 -264 -507 -391 16 328 62 266 -397 217 17 -711 52 -414 -471 311 570
505 410 -375 -323 404 -524 -16 539 124 525 275 -384 65 -236 -743 309 69 864 -151 100 -80 103 161 295 -275 442 -773 284 739 611
-156 312 -321 663 632 -466 -485 -302 783 -138 88 -127 365 -484 -321 -23 -246 -215 -464 144 380 237 578 -219 -354 528 -526 476 -942 491
119 -483 15 -42 735 -108 112 -233 -733 -504 296 625 266 396 -141 233 -528 -400 53 -368 247 -413 -217 19 103 -795 -574 71 -209 934
-124 190 -690 228 295 573 399 -180 -429 327 -496 -317 41 -157 -220 479 -245 -266 709 -23 35 78 -691 787 715 -688 -460 -465 -344 57
-168 -32 364 253 704 -261 -118 -6 -183 142 -380 -68 42 353 -230 -152 -97 -769 598 -304 -147 -115 808 -439 -363 -102 -353 -309 -363 412
724 -707 125 -252 355 178 317 -43 -18 139 -197 -595 266 -514 393 -851 332 -326 -414 -773 141 -110 247 380 612 564 127 -461 500 -362
514 286 79 -375 910 504 662 -377 -446 -532 270 700 800 287 -467 268 41 511 497 -251 -470 0 793 -359 -525 255 -259 -83 175 809
112 16 497 358 94 -391 190 -62 669 268 -440 344 28 6 118 187 -380 -136 -89 -685 -200 28 -228 -497 338 745 227 333 -329 10
-67 -45 -538 -644 839 132 -266 -202 120 168 -354 707 662 695 521 -270 -632 -642 -17 -589 -184 -281 -174 71 60 57 375 463 -470 300
-10 551 780 -460 -132 493 148 857 -344 124 692 234 343 -570 -572 222 344 -483 376 -90 -392 -102 697 -583 -780 -177 -403 111 -372 477
382 -385 74 240 -22 52 -350 -187 71 -192 372 -65 227 239 -395 -356 463 -99 299 -501 -152 -661 -408 -704 481 -31 -35 130 -18 -256
-50 712 144 -836 -437 -552 243 -398 143 450 -357 -518 337 100 -455 168 -367 563 -191 -30 -455 392 -231 -464 -81 200 -147 -574 504 -484
-465 262 96 140 102 301 -453 -333 -573 241 434 -718 -5 257 -498 -72 397 -781 -650 153 -427 -187 16 -814 -572 -953 -250 -389 588 -283
411 4 -61 207 98 -740 -96 353 -69 -67 519 317 385 -402 417 310 -367 -185 483 -80 498 195 577 -266 -615 55 -228 153 -65 -731
-77 -533 -95 -325 -738 102 -351 222 304 -61 -185 -335 -294 -164 -564 -104 -591 1 492 -152 104 109 222 260 -103 -68 -416 -725 414 65
191 -269 405 320 -248 -529 -8 158 -284 -238 116 -9 377 -14 335 -121 -536 197 -693 288 24 -126 -718 335 647 -267 517 -660 -120 -443
-13 -349 -470 -376 898 78 271 831 793 -321 33 441 -306 221 -234 358 -64 -137 -39 518 613 -212 -218 454 -557 178 -393 362 -773 -294
241 -441 -803 -43 693 57 -513 105 623 -748 -419 8 326 -848 671 -212 79 330 527 442 446 -215 59 196 102 686 -387 90 -603 467
-801 -292 -389 229 238 467 587 143 -241 417 82 760 -120 -301 -414 -190 145 579 99 682 -555 823 -93 739 -433 -200 -784 -116 492 -233
-255 -233 -523 152 -366 304 -41 -2 42 -121 -197 384 454 230 -555 496 -113 60 582 -155 -217 128 -236 152 -704 -498 669 208 616 -219
512 71 -247 -37 310 -61 -104 586 617 -59 155 -208 -189 226 228 366 -224 608 799 413 -33 142 602 553 694 778 38 -138 491 -144
488 725 248 -542 -633 632 -102 9 52 101 -33 -307 268 95 7 -333 -718 400 449 -687 -677 -338 -18 -239 -491 594 -790 -46 -426 -144
-376 -391 -822 575 162 302 -186 -512 -108 -66 182 -1 151 380 255 -53 336 -151 -43 -275 -395 94 129 130 570 21 -58 242 -373 522
61 -303 252 496 -487 802 357 429 442 -33 -661 407 -198 -612 -377 112 630 366 243 -577 -55 151 -55 -64 -58 -470 20 295 -403 168
703 -371 -329 431 469 -137 397 -358 200 657 -367 -391 -257 -688 -76 -42 -257 335 -683 151 797 85 554 503 -644 788 75 -42 -154 163
184 -262 -336 229 -217 -624 -125 258 -591 302 324 -579 -88 -432 -69 -656 -413 -464 105 452 243 -307 16 -662 531 -19 -105 133 474 795
27 157 -451 269 206 -758 177 -539 -573 -661 10 -245 584 35 -301 3 -477 -366 388 -93 79 37 344 -754 -168 542 457 394 178 -135
129 642 75 197 247 82 -709 868 -237 -124 609 46 515 757 316 -387 -17 -71 -100 220 359 -33 650 -475 470 12 180 -468 222 -98
90 -498 -311 392 282 60 513 566 -258 616 280 -406 142 492 -166 -21 -27 504 -600 221 277 -341 -166 -609 -164 -456 -255 -12 -29 427
30 -145 -265 -172 -339 304 -4 614 -415 -328 501 496 47 -90 323 694 -519 -81 731 -253 -49 78 494 -847 142 241 21 637 -34 -522
-197 -474 -32 -604 -459 -196 346 880 102 537 -413 -96 309 -476 -209 -331 -794 883 -216 -350 431 69 676 -850 -601 896 -459 204 -624 -295
60 -555 -439 -566 -567 -803 -621 -15 -885 -468 357 -483 369 -666 310 360 -218 210 626 45 40 486 288 379 -363 -388 155 750 -46 150
637 -453 -395 -119 -238 -51 182 342 -115 -343 -146 -480 138 -309 599 763 318 -319 369 -95 -165 -400 -292 -107 294 -902 -331 -627 -66 424
38 422 -175 -69 -3 378 -347 28 -231 -347 -597 -656 -306 58 -13 -349 118 -141 122 222 -30 -65 -705 157 849 373 -309 -558 -23 -144
-395 396 53 -347 657 -275 -608 -396 12 -301 125 617 -722 404 -225 414 -391 76 -255 -786 -34 -153 747 -812 -146 249 -118 258 -28 -393
-431 -598 -443 558 214 -65 630 370 -393 418 -192 660 -232 -493 280 156 55 749 379 -548 563 -761 -493 645 -102 -525 -290 -751 664 147
279 8 159 -97 902 -107 563 384 230 -24 597 233 -280 100 9 352 -170 -166 133 951 645 -29 -682 -146 77 -282 -186 -609 -209 631
-550 855 -164 -99 -460 -838 -621 -282 -124 -420 57 376 697 146 444 -603 -236 -133 691 -172 -409 318 -281 118 -576 -58 -380 287 -173 329
-14 -709 85 145 -113 26 -243 -84 -608 -62 145 387 -34 -315 583 -83 64 -503 -121 -302 -228 138 30 -347 -11 -13 -620 -81 334 650
398 -140 -304 -164 482 408 -111 -777 -243 -243 -726 -59 114 -186 55 491 478 322 -347 162 -946 -559 233 -711 472 517 -319 -253 -174 -552
-132 164 38 533 -261 437 -29 131 578 -37 360 252 323 -10 380 235 832 265 566 736 -712 351 -185 127 -225 -229 -236 291 479 384
-813 161 353 504 33 137 -122 1 -326 336 412 -175 219 281 352 -206 -26 357 382 -233 -80 796 242 81 20 345 72 -277 731 754
219 -41 -675 -253 326 131 371 -697 320 159 278 -469 72 -579 -23 370 174 374 263 379 -336 -448 -255 452 -333 -821 367 -854 -143 231
227 -625 31 -26 -330 34 243 211 -15 -485 660 -76 127 -125 390 -53 918 259 -876 -407 492 404 -134 646 309 -401 284 208 -242 290
-24 58 84 44 -686 448 -803 408 35 232 295 16 -211 -406 367 -366 -386 492 175 490 -662 -520 878 296 -588 466 634 114 436 107
-343 169 529 137 194 -123 -784 160 63 -829 292 739 -263 763 -132 756 294 -53 -357 806 -266 649 -239 -94 -576 779 329 360 588 -375
729 -2 -282 315 34 -543 10 -436 275 -929 574 41 635 167 -170 -309 -537 359 434 -32 622 247 -516 145 74 -81 449 -398 157 179
223 66 -717 526 -306 -488 -370 343 -59 -339 -109 -31 6 -282 -24 358 -418 503 620 362 -44 209 -45 -644 -561 357 21 25 222 101
436 285 329 784 -335 -54 -506 87 280 162 -260 99 572 -284 453 -782 147 -86 -330 -709 297 -233 134 372 344 -365 300 -567 224 -383
347 264 236 -732 171 125 -792 -808 -351 -18 -551 -681 754 -507 -69 440 397 118 -305 696 67 836 371 -136 466 -947 -189 180 -66 -331
-50 199 277 331 272 52 209 152 -503 25 -44 574 -104 264 239 489 -35 -426 -207 -239 793 -501 211 -296 -63 -312 841 727 210 275
217 -115 524 464 -624 -502 783 135 -211 -144 249 442 536 -194 634 -539 456 -642 303 838 -635 -174 827 -145 -499 116 794 -211 -32 -39
-468 484 853 -240 273 31 -538 638 480 253 687 51 -571 -200 -241 -81 -447 -38 -137 -190 132 -334 -332 -842 491 -163 -425 -580 119 -173
56 302 -80 612 -556 -255 -706 -613 134 -645 -156 -634 261 -233 -532 119 -145 56 102 631 -586 -657 204 38 -85 637 -689 878 -34 -314
-423 348 -130 -151 -562 -43 54 19 -21 136 816 254 -324 -262 -911 -138 -67 309 105 682 -411 131 260 -602 -792 468 -266 269 -118 249
292 512 -6 -318 287 -192 138 -109 -485 408 -350 729 445 796 -446 567 -627 526 90 -47 259 474 -34 -535 422 -227 589 -287 -246 129
416 448 72 133 593 -139 -61 644 -635 -138 -434 551 -202 -740 -655 297 -939 293 201 312 580 -326 -28 21 94 721 -204 -144 -7 193
-22 -581 -363 -182 -1 114 -195 338 -104 -204 -711 -96 -70 -253 736 -374 327 85 -29 -622 189 700 -267 -4 -543 -192 562 -517 -306 303
195 109 756 286 -812 -160 293 -241 396 -199 464 -796 -416 273 -39 -319 -810 -489 46 260 -404 -15 120 589 -265 -530 -325 164 668 -495
708 -296 -499 -7 -159 -173 -97 57 -81 259 696 600 -692 203 -94 260 -521 -330 61 -12 326 126 191 20 -349 -422 465 64 50 74
192 -339 -50 136 -261 278 78 -626 -790 136 -157 -725 215 26 606 886 190 58 90 376 -718 361 -150 702 148 -494 -164 101 229 553
-19 857 82 -3 -196 -95 135 451 -230 -229 148 -124 561 -449 733 -344 801 621 54 262 479 -267 415 102 -462 28 -14 -358 22 90
-669 -98 471 7 -523 136 8 -589 -35 11 -751 -399 105 130 -444 52 39 187 -129 -129 -415 -192 -47 -675 -146 -641 -101 -501 -86 334
-461 174 114 -107 -60 -15 -134 110 559 185 -183 -402 -722 -129 -805 -380 -63 250 -640 -86 -56 -66 110 65 257 -511 374 601 94 521
161 -324 -455 -639 -74 -388 152 -313 843 15 -503 -81 -86 -273 346 -438 -183 350 207 619 -362 -460 -436 -304 45 -258 -164 -320 -146 -362
-702 190 -726 -481 -232 -875 31 83 461 629 -252 -71 -907 278 -152 14 122 107 150 328 -363 135 62 295 964 -481 239 -12 -575 -534
-582 -530 -282 189 375 -4 -276 637 937 480 -279 485 -187 -525 410 -505 -389 373 313 -12 441 -216 -730 483 280 -146 943 -677 379 169
-8 -230 -29 -658 -46 -744 523 181 -287 -517 131 712 -35 -197 496 310 -40 -175 -779 47 -353 387 -569 469 777 -761 379 -463 -387 81
347 174 -753 -567 -542 48 -79 -217 -255 -258 -166 133 548 -462 -560 -486 -709 65 -517 -379 -61 632 -477 447 -333 -175 15 429 493 475
-61 221 33 -310 634 -143 -285 -324 -275 467 -119 390 -168 -64 -22 357 -523 -54 297 -332 -372 -94 -50 -61 94 80 47 233 788 83
-143 -355 34 -274 -207 -110 -343 -238 -34 318 575 -92 587 278 21 -274 -113 -254 439 51 -82 67 972 198 -121 282 -89 -123 542 604
-450 92 -341 778 -127 -160 583 -725 -739 214 258 -156 -277 153 32 277 226 402 287 312 30 -325 -311 -924 -174 -329 -813 -149 284 -641
319 502 -84 -50 465 -418 -91 -100 768 -439 -374 -700 158 333 74 63 395 183 470 -247 -45 -804 -24 -413 -28 786 -414 256 48 869
-42 170 -675 167 -376 916 -302 -13 80 437 376 776 -296 -708 482 -45 -303 92 508 289 -406 231 276 -214 797 247 289 -233 -663 -191
5 -195 634 16 384 -602 488 -124 46 28 -43 -370 -553 204 -370 286 159 -1 210 -515 544 -438 -253 -55 -536 115 -677 -97 -555 274
78 121 236 527 -276 -120 -135 -314 275 -456 2 -83 151 -148 -427 -101 -381 -620 119 -948 558 -93 -196 -601 214 -353 -469 -383 693 153
151 -66 -168 -77 761 313 231 678 106 -577 -359 -181 36 -529 -256 302 292 163 51 -495 301 552 294 -442 496 270 -287 -132 -327 174
-413 15 453 408 -96 -558 270 396 -279 765 -601 286 87 489 47 727 -354 -478 -215 372 -125 300 116 43 58 386 457 304 33 -461
-466 -462 -16 -461 461 226 584 141 291 381 450 148 177 -395 14 -239 -647 -104 457 938 585 -284 2 798 -487 70 98 -588 549 -361
194 364 510 538 31 327 64 350 348 -37 14 579 810 64 28 165 40 112 -103 74 -392 -260 271 -479 -265 878 -447 333 291 -348
-505 -32 -490 32 -509 145 -200 -535 416 43 126 -397 517 79 -607 -782 460 -15 373 -159 409 -573 -773 691 11 -252 -556 -288 43 432
-194 -773 775 125 -761 460 274 -155 -199 767 -248 -50 -81 154 556 -141 329 495 -110 -135 588 207 -119 -454 713 -825 685 272 171 624
-888 -280 -348 418 89 -85 403 -967 534 -141 441 320 -793 -144 531 371 -179 210 -129 482 125 -161 285 -354 154 -63 160 -789 182 -838
-131 -45 141 347 -123 -84 391 -434 139 -633 -33 -46 -200 -709 101 434 261 -81 -191 493 -241 325 -107 -663 -685 -3 154 610 -349 -221
-61 -135 25 201 403 688 -26 -113 95 -242 -23 449 405 -516 652 -376 211 -154 -379 -47 -549 -13 182 -561 34 -379 -66 -649 908 -523
14 -73 -462 169 -463 -270 368 -377 403 60 813 -636 -406 344 308 -392 -423 354 434 7 -161 -210 976 -672 398 -500 -472 231 478 -581
438 -88 923 -357 235 -373 812 266 -642 238 -52 -90 -383 620 142 270 -801 -300 548 280 30 394 -56 -68 -156 125 4 489 -228 532
-276 -364 178 185 305 -121 -532 -154 -885 232 -77 564 -128 -53 -436 -433 -168 500 243 287 -424 289 646 -23 495 163 514 28 -214 -384
-646 -17 99 -204 -165 690 -439 286 -49 313 -127 563 898 242 -477 -283 -755 188 -52 -316 -42 -519 175 -422 210 -215 63 -210 -319 -596
524 -598 -602 192 48 -486 -677 -512 69 290 372 -770 71 488 45 -585 923 68 268 130 -97 394 190 -32 115 -245 -214 357 -372 241
147 166 -467 -26 188 -557 -721 583 420 -26 -578 414 44 671 -577 -699 571 880 202 -812 509 259 -481 392 -125 -93 501 817 -268 104
-47 -130 -132 183 419 655 711 451 -131 -603 256 -449 -592 -297 34 -259 -93 -212 -651 199 -450 267 -151 -507 -707 536 828 -89 -374 262
-229 -114 454 -275 505 263 109 226 -105 776 -410 -334 -439 574 201 -370 -434 54 -400 -208 -204 299 108 -833 918 439 173 491 -654 678
-209 815 -107 -125 -62 -416 164 394 -841 -211 -414 5 -316 -557 -1 18 -65 -855 431 1 534 393 -679 808 386 535 184 -460 -260 151
860 -90 -269 924 -612 -714 840 -449 387 -453 -166 -738 -66 26 680 195 -390 196 462 628 -556 682 -854 -637 323 120 251 -845 31 676
-220 -39 -573 -320 -15 234 -17 401 -359 -73 -227 242 -266 475 -34 32 226 640 632 173 -420 -634 -90 -79 720 667 187 -172 106 165
-31 648 -311 634 -381 212 -58 435 848 -86 122 -324 373 145 -567 121 414 -155 96 -56 -210 -203 12 -241 80 395 -334 584 -301 161
-52 -25 363 36 834 -492 -462 84 -212 -37 36 -245 -46 -446 -923 -435 760 -136 442 -44 -38 204 74 -519 -462 -310 753 -371 246 -173
-398 597 248 465 647 -802 128 418 -10 418 237 -132 108 451 484 -441 170 -313 -227 -865 -79 168 -140 -278 -952 -877 152 -19 -329 192
183 519 -240 479 -402 -149 -117 -144 -102 175 530 307 464 -531 151 656 -456 359 257 274 228 -242 -366 -141 -83 -558 733 227 469 191
446 -804 -475 -300 264 -786 133 86 -336 -282 295 -811 496 115 2 -49 302 -779 245 -234 -655 178 -609 94 -25 41 -432 475 157 175
-382 -148 -187 371 502 -307 53 -113 583 92 438 65 -225 168 -599 381 -100 -29 -550 -167 -2 101 509 -387 -727 356 -283 223 488 -458
329 364 -499 -470 650 -32 -66 562 -265 328 -258 3 135 -365 -316 -248 -555 -149 -439 -466 -508 174 -110 -29 227 -480 -25 -53 289 141
648 -59 162 -279 -572 -396 7 359 -410 441 612 106 -712 -330 297 542 682 138 -75 55 -110 -774 -231 480 -16 113 391 56 101 -114
-137 183 808 -515 134 157 -158 315 -515 -438 -124 -16 99 -319 -178 394 208 -58 -28 -5 -216 -526 587 -184 -682 -656 86 -289 -460 927
-432 -384 376 268 115 -278 -478 951 713 155 497 993 -100 -495 -107 307 99 171 -373 -194 -230 -160 -252 -157 153 397 -622 -600 281 935
455 -164 145 -550 583 557 -599 149 545 -421 -315 -87 -514 405 -494 144 65 640 -95 -87 -277 106 285 288 278 -81 -291 562 -22 -400
-187 419 71 -404 -648 -166 501 102 171 -331 164 -149 264 -231 -642 -302 251 -265 -607 291 -613 -377 19 754 930 -498 142 -54 -155 825
-491 -980 141 615 115 374 -325 -480 -379 458 -20 -104 806 -398 -377 -293 218 -89 752 -152 603 -126 170 -520 254 383 -436 -144 30 218
-69 329 310 215 -315 162 226 -292 88 -49 -37 -619 -732 122 -94 881 207 -187 -674 -135 -87 308 200 10 -327 137 -497 -267 -709 434
315 95 423 -129 435 176 -677 -32 144 -96 -500 68 56 -9 791 136 437 91 148 937 -759 609 470 -57 213 880 163 -607 47 -78
-644 251 14 27 -182 -163 -280 -245 -176 0 332 -450 45 -226 448 26 443 674 477 844 -310 -399 -392 -519 9 -43 241 -428 148 -19
-338 842 -14 -139 121 -614 -129 -316 429 467 200 -599 -554 828 355 266 -255 -865 -609 150 618 299 -106 -248 -86 571 386 -616 578 298
260 -322 100 -500 -161 -573 737 -88 563 110 196 884 -870 266 -444 249 -712 778 16 -241 131 166 129 -89 207 -80 -373 -344 130 456
174 156 597 -47 -760 -272 -30 308 86 -395 633 354 420 158 -449 -267 -232 482 -802 -50 -420 134 901 -491 -190 665 -626 -313 -3 79
-237 0 -216 576 186 -517 480 197 176 240 -223 -790 855 -136 -142 -18 141 672 -307 246 397 840 493 155 -274 -255 80 -13 44 -336
71 -332 -557 36 -85 -186 -39 -463 4 243 -63 63 20 382 -172 -230 -131 -424 605 -741 316 881 225 -1 511 612 -246 -85 -90 -964
89 221 -216 225 279 -198 174 640 -591 338 12 563 337 -46 -385 -620 27 -658 -259 -128 265 528 -148 230 948 130 -218 149 -219 -110
-239 -693 -8 102 -139 381 -931 119 -344 -766 -115 -203 756 -423 -423 -981 -1 -617 720 429 93 -57 -548 283 40 -208 137 686 -711 -123
-405 359 -301 -178 176 -339 -10 -358 -504 -216 112 -676 488 105 461 -626 -243 212 570 -593 -319 -629 -432 202 297 199 67 30 268 496
552 329 89 -466 -383 -112 486 128 -444 -353 445 607 149 317 395 -192 694 -343 -900 -418 99 -1 372 -31 753 83 111 73 275 361
-41 -331 -254 304 -452 -149 -442 -449 162 754 530 458 417 -296 222 -502 -27 -72 15 -571 213 630 159 -267 -274 -612 737 -223 404 -393
-276 -135 -323 17 362 430 299 -509 -16 712 -680 124 547 -386 508 673 154 -47 223 -141 226 -208 -171 -144 -127 -353 -243 -209 134 -121
-121 150 -13 -278 41 6 225 477 368 87 -522 -35 145 126 85 -247 108 661 -789 323 -145 501 -196 -361 -298 -306 -878 79 -159 398
-695 588 -4 -643 624 8 446 -8 498 119 298 440 -467 -52 245 24 456 -628 104 -307 537 172 696 -464 148 224 283 133 -720 -538
-63 -410 194 -275 -145 491 133 -428 -702 -145 -718 -93 -449 352 -280 620 378 432 -68 32 -126 299 642 -952 425 183 -347 698 -430 280
772 -364 -302 630 834 834 -90 -164 -266 423 803 243 -967 173 255 -70 -511 263 560 426 -536 212 -200 123 -283 576 58 -36 426 -188
509 -242 -303 -370 6 -59 -293 -543 -230 -75 -101 -89 -366 -95 -32 271 414 347 -354 647 -6 -311 62 904 -81 -158 -117 64 -547 68
126 251 -553 133 -277 -49 472 465 152 151 -427 -110 496 -91 577 -27 -71 535 -361 -156 725 563 61 -49 114 -261 432 -832 397 42
365 102 462 229 -600 -35 36 25 236 -532 301 -191 33 -419 582 327 56 294 465 477 -339 332 51 -748 -234 87 -233 400 700 -489
-305 -300 477 -692 465 571 172 337 311 79 393 584 -584 143 -838 494 -246 -592 577 -362 279 -170 382 -300 -545 -723 457 -598 844 155
319 842 42 54 -374 -55 29 609 -96 -27 23 -88 -180 -232 140 -57 -122 -453 -744 -236 -604 -152 -743 573 179 -535 -576 -171 -440 -674
391 -836 361 214 93 154 57 -101 -253 230 -282 -220 -197 283 124 37 618 -260 -218 -178 27 -394 534 -188 673 -377 78 114 -483 -391
-820 560 -54 -143 -308 329 -76 -323 80 88 -293 -4 16 872 -27 -543 188 498 -366 288 -875 430 314 190 694 499 -484 -698 -211 -58
-559 -130 -532 166 -111 123 -338 231 -411 -808 -439 -116 856 -17 -550 -191 -546 -162 337 556 536 289 695 517 -9 294 26 -953 184 -636
-49 129 -250 -512 195 131 569 -54 388 320 743 72 -347 -99 -112 -651 546 41 -36 -190 -208 -558 -593 -230 577 349 -161 -56 -345 -623
679 783 245 -287 138 -323 -79 -352 292 4 -219 -72 -234 -159 63 -219 594 -107 112 793 167 -164 -78 -284 -75 295 -228 -155 -227 -449
-68 -297 -27 362 -272 -61 438 960 668 -3 527 159 -132 -641 122 242 27 -194 119 -135 -162 444 -159 -183 -63 501 -704 -618 152 -756
576 -269 -648 5 -291 -62 552 573 -28 -561 -117 289 387 -756 -169 161 -8 -180 123 213 526 -41 -779 10 -367 -146 259 -665 151 -134
813 69 619 -153 111 -315 414 -524 497 -175 302 -610 654 544 204 -299 64 -334 -434 117 409 516 -872 235 -219 90 -108 189 -899 966
271 -219 181 -411 667 -526 570 847 83 792 108 -84 483 -91 100 182 134 -794 408 -426 179 -410 -76 160 -196 -35 201 -64 -234 71
-18 -106 483 -725 853 404 -187 111 -636 286 -123 -805 -13 -224 771 -273 900 -564 285 26 10 -430 -79 -511 -486 -731 -167 -797 -426 -497
955 120 -553 417 344 -94 680 -126 721 275 181 144 276 -292 -93 362 696 -450 -31 362 300 86 -2 -183 -429 747 299 590 349 -388
-186 -403 -130 -412 -104 317 -487 -61 88 116 84 175 86 -665 94 -329 31 -192 744 -112 164 150 291 -534 -342 625 -741 159 -413 719
32 195 -248 -107 -380 -8 731 -326 327 772 118 -191 86 -6 171 -755 283 800 -436 57 -7 -737 774 35 -214 503 380 192 -262 121
-151 459 59 824 505 -731 195 -193 237 174 686 -216 -148 -607 -477 93 -315 -382 95 -390 24 101 16 259 537 836 -624 669 -97 -358
-346 529 -309 -154 -579 -690 -132 -530 -503 103 8 -171 340 44 571 -219 -579 -468 181 -48 153 -277 322 -27 -320 -226 -317 -588 -78 -474
-248 -169 265 -2 431 138 -47 -277 274 -502 -422 -264 -516 -287 304 43 -585 -572 541 762 12 361 443 894 -294 369 -627 303 516 -138
-79 -300 -148 -442 -25 -234 211 -48 -322 275 27 -857 -294 -485 -890 -583 -75 -220 -876 -62 70 -128 130 -575 -630 -124 201 -322 170 57
-115 -209 121 584 -774 650 -65 -698 -450 440 -7 458 99 736 105 467 19 -529 192 -467 463 -774 -17 490 436 87 -492 -691 832 -329
-266 -485 -30 -101 653 545 83 -402 484 -167 153 -464 -628 228 -187 469 637 -22 602 203 363 -285 245 -205 298 162 -521 -173 -638 -269
-190 -138 939 438 -189 816 -464 -429 406 782 -278 -723 120 -119 225 338 -779 -148 -380 -406 -74 35 427 -57 258 190 648 -22 -375 -250
-234 -834 -30 370 -256 -556 -537 138 417 -690 492 -106 -341 -54 -4 -382 -57 -402 -332 2 877 -250 504 68 586 -68 50 241 -340 -644
-700 651 65 -44 818 -829 -10 419 -698 -49 404 216 -191 207 756 -22 15 -263 -245 -537 -620 233 643 115 -238 -536 -606 17 -392 -316
180 395 313 792 124 225 -91 -49 595 624 -85 462 -748 -625 -770 -219 279 -139 -669 170 -191 492 152 -122 -410 271 607 -234 170 505
-194 773 220 616 -572 399 -596 -342 144 -18 -171 -11 -499 -114 -386 -127 180 -666 26 848 258 -538 -146 660 169 436 -541 406 -167 -477
-379 -165 -436 -50 -77 484 228 648 -231 390 121 417 92 -52 524 395 603 719 -236 351 -248 210 167 235 -411 148 394 -318 58 -397
-911 -685 322 39 42 154 -97 -50 -242 -361 -875 -2 -362 905 -47 -533 348 147 476 34 858 488 444 -491 -165 374 482 127 -222 2
945 57 -835 -355 -760 -166 90 -325 -157 392 125 416 -279 -268 -301 358 477 -232 21 -550 -90 -423 640 -99 -79 -160 -238 -413 359 450
-392 259 535 29 -167 115 97 -544 -292 -458 -179 -21 -1 792 -126 -156 522 113 397 356 -102 121 277 343 -421 268 -493 -497 377 665
-36 -377 790 432 502 111 -97 -38 300 658 85 -491 -347 -590 -313 -343 -272 275 20 -197 764 -147 52 249 362 71 -937 -559 113 49
-463 537 331 -299 570 884 -1 102 582 -217 158 -310 -302 -64 292 647 -496 -66 387 177 329 170 -449 49 123 -137 -135 392 570 -450
34 -16 553 452 -386 -510 -167 14 -259 -232 241 596 91 -204 315 213 -455 -947 444 180 26 -704 -338 -588 -264 -51 784 -210 -542 -109
-797 -53 -349 -33 -38 145 -754 535 191 187 -454 -72 -398 -141 -603 -338 -19 563 442 -702 -164 -27 612 -2 448 -746 10 -235 827 186
-268 -295 -269 -459 -171 704 -655 -277 -393 -644 469 -855 -210 430 -351 -26 -249 -281 -474 92 582 74 305 218 187 263 12 176 -794 335
-471 205 -346 440 -16 353 -623 158 29 -495 168 15 -679 614 -99 -270 496 371 -745 -759 -401 761 -506 -636 405 -111 -454 108 10 127
236 -525 617 647 228 146 -268 -260 -921 36 285 140 899 276 -452 22 -380 472 307 126 671 -109 -14 -770 -571 -53 -66 754 260 225
-663 599 -247 -689 -543 -426 -573 -347 418 -222 -198 337 667 -508 -378 -538 452 -20 267 543 343 -491 449 112 -609 -330 31 252 604 893
-152 238 -855 -709 437 -75 66 272 243 291 -59 -125 150 796 237 154 703 -410 19 -217 -6 -368 377 -186 67 24 37 -109 202 558
-566 136 -397 -76 -95 -559 369 108 -50 -448 -820 54 -751 209 276 -272 243 -17 175 543 -86 97 466 215 263 334 707 648 30 644
-96 267 -158 -460 19 132 529 -125 738 151 394 155 783 -353 -859 179 943 -268 -771 -154 -776 -2 -148 -87 -186 156 306 -323 -72 208
-423 -458 387 -397 172 616 -204 -44 -319 -339 23 -705 -706 434 -658 300 798 178 -141 -204 688 -71 -176 622 951 -625 -298 -120 279 515
386 287 -34 -39 248 -197 -134 -629 443 116 257 -127 28 78 -72 -653 -714 -251 734 388 330 -538 3 -34 -238 -15 -355 414 -493 -652
-829 257 538 -72 334 367 179 -348 -108 189 589 252 -98 618 -219 524 -126 -38 -337 830 -55 -274 -289 -235 449 -558 297 -13 -282 31
557 -368 -690 -317 797 -46 54 -564 -31 856 -213 820 368 -770 -664 32 550 -265 -629 462 247 -239 -426 -52 164 -437 488 -350 201 992
-591 -412 -32 -49 393 -557 164 -392 -269 -27 244 26 573 -374 425 -76 246 -109 -633 839 -554 507 929 352 614 -656 279 24 820 -833
-246 -198 -696 -208 -645 -176 168 -581 727 639 -934 -865 -400 80 312 -73 216 -15 459 352 100 197 -561 161 -112 -187 -86 327 124 388
-218 -384 5 508 137 -366 416 635 691 11 164 292 765 81 54 91 309 265 681 -853 -5 -592 97 -447 153 -884 -608 -178 -337 882
-341 278 -784 57 -135 -235 -359 687 232 645 103 511 404 -119 -406 313 -98 -158 -326 63 -103 -399 -585 97 -63 224 -85 41 122 475
-377 88 -390 -435 -112 198 -155 91 -111 -764 -218 -61 -274 143 16 488 -513 46 113 130 506 -173 -467 -437 -295 -568 242 631 -528 -415
-131 623 101 -561 876 -513 -45 -153 56 268 -49 -610 760 412 493 587 286 115 180 216 657 -286 -291 343 -309 83 52 -40 146 -766
362 332 -115 -808 412 578 18 -289 99 297 820 -417 -61 -121 114 133 363 5 775 561 385 257 -924 -170 571 283 150 540 -201 -415
784 411 -178 -348 -56 -728 111 453 5 -338 454 718 84 717 -570 -381 -416 939 -208 275 -436 -106 174 -302 268 120 -139 -193 545 510
271 -43 -561 -396 -681 -222 -87 -46 535 -128 -335 -372 -670 112 529 -338 622 595 -163 -686 -188 -486 23 -181 -189 240 541 -98 276 733
-98 392 537 -86 510 509 60 270 -284 -69 -193 118 233 379 690 469 -291 -288 607 31 326 207 -604 310 216 -102 502 589 -544 -124
170 -334 231 -320 -36 0 530 -664 -631 -179 -31 208 590 -77 -942 458 483 -113 151 -318 379 421 367 -79 -157 661 -295 -214 -188 -50
38 88 17 241 -251 -752 340 803 -170 -19 235 -535 725 -651 -771 244 14 150 53 -705 -71 217 259 -78 117 -643 270 -123 364 349
-478 335 531 482 -221 -296 -343 46 410 -112 -131 -610 102 -69 294 -263 -34 172 -454 715 -109 250 -782 -188 -327 -82 -592 -4 341 521
-184 -408 -762 -173 174 867 -260 -55 540 -101 -502 86 -125 227 71 -13 143 418 170 12 -115 -665 414 -140 -282 -76 -150 0 -54 327
164 -74 724 -566 -798 586 -739 -263 -31 -20 -149 69 -459 -676 -263 -117 273 646 -28 226 -467 183 -95 -527 -753 -162 -85 -361 224 -257
-302 -80 -80 591 -405 -489 -298 -307 185 -236 845 -117 170 -47 856 -290 799 760 691 -119 -563 -243 0 347 291 -546 -270 38 39 149
208 -122 -218 -13 170 -146 -463 -796 -304 105 -449 56 41 244 201 661 126 -707 112 127 79 -150 28 277 -361 149 50 -25 174 -692
192 -150 -94 -120 -76 65 -129 121 -413 -109 -626 -691 -581 -462 306 854 306 133 -52 -32 393 -38 -452 -597 -211 89 343 77 -606 -244
239 -335 -252 -175 -375 -357 -480 740 -181 209 -152 261 168 535 220 146 52 -24 796 517 496 68 59 790 585 449 99 -120 -30 358
-294 372 -307 -115 650 30 -34 -325 661 619 -491 -836 -607 351 -872 5 234 184 -814 -144 -365 -764 532 -262 186 10 -171 111 -263 231
229 -461 167 -554 -525 35 33 -342 -230 -461 -45 244 -123 -148 -27 584 -482 345 -158 -740 -262 -56 -204 333 -187 519 -940 -68 68 -168
625 276 624 195 391 313 -389 249 -824 -568 540 497 -582 -142 -132 -780 9 522 -351 187 -830 -246 992 -747 390 686 -481 290 566 136
-86 701 -96 -479 -339 652 589 -155 567 -584 -12 562 -151 93 251 -316 -476 476 -657 -126 -308 -99 375 89 -133 -257 239 -778 -99 187
169 116 -201 -538 -3 -17 -171 138 -380 587 37 -45 -905 -274 125 -214 669 11 108 87 -179 -158 112 383 -805 -750 33 246 -477 -1
229 -414 374 -641 481 -109 96 298 -791 -179 705 -23 -14 -88 -213 -220 100 -242 -195 -198 493 -408 458 -115 -363 213 43 -32 6 69
-688 185 65 -636 549 444 214 712 511 603 86 115 628 215 -227 906 -688 -303 56 538 -498 -480 -98 -286 114 -318 -212 233 384 32
308 128 737 -621 5 -523 -418 185 693 -155 -525 754 -158 -500 -411 242 -191 -480 -123 504 -14 88 -843 733 66 671 -203 -489 -253 142
-693 -481 -472 763 -778 -194 -366 379 -11 -266 214 372 -152 -948 -484 242 -23 -111 -222 6 611 488 110 -786 72 225 -598 -810 -79 -206
-102 495 -831 -750 -360 -74 31 -755 -62 -324 -14 -692 -285 273 -434 176 -307 -322 77 250 281 564 -34 603 207 -215 356 540 -8 -200
-73 493 318 179 -343 562 90 -41 -168 190 -21 -371 -484 -645 -441 -639 33 22 252 -225 20 387 -59 -371 -870 314 606 -43 737 381
-482 -73 821 -283 -273 358 73 168 -330 -332 -498 -89 191 613 171 -786 730 -759 -171 531 135 -49 433 -324 643 -122 38 348 -760 -631
