834 983 669 986 613 793 881 355 798 119 585 836 516 832 926 675 478 835 581 573 57 681 200 730 659 301 702 946 719 720
875 964 582 286 140 141 586 969 466 972 112 669 914 973 570 709 36 230 628 994 933 218 693 339 35 793 717 413 654 303
552 465 791 236 714 239 215 573 575 868 963 220 710 110 664 406 879 518 768 646 724 127 130 548 899 52 618 832 448 223
357 546 831 956 62 72 112 162 765 445 867 31 426 496 629 988 376 1 111 380 852 55 766 190 515 813 890 653 252 684
69 646 495 167 511 600 459 904 412 876 714 1 321 901 501 902 774 141 272 71 665 128 808 878 267 322 625 18 250 897
681 349 51 508 143 897 965 186 812 428 539 114 95 802 901 903 633 203 776 454 488 585 877 35 671 821 209 242 185 713
460 70 821 219 207 581 94 941 898 969 189 175 703 55 640 317 643 258 734 870 940 781 970 15 123 371 50 99 794 655
934 137 35 45 593 307 960 1 65 353 53 274 735 504 716 259 63 14 432 991 437 574 176 124 876 938 296 580 278 540
962 430 938 418 163 412 504 804 971 278 884 395 670 891 301 774 863 105 839 704 751 774 694 148 684 246 229 82 730 363
124 986 533 395 43 742 446 290 498 231 292 19 218 107 153 824 108 465 962 773 697 587 375 139 629 216 824 856 958 925
140 1002 355 325 345 776 921 733 847 920 754 6 667 61 287 4 404 93 269 642 458 223 283 857 832 662 87 122 356 301
807 121 881 173 821 544 451 307 258 146 9 204 316 835 968 770 354 174 923 10 753 283 274 364 844 209 142 568 293 756
299 331 484 459 696 250 789 943 961 433 153 305 654 422 964 320 370 102 196 819 770 981 795 844 672 8 783 225 240 653
20 347 102 153 553 936 592 756 877 411 169 893 737 711 520 282 198 682 357 91 180 645 413 148 352 411 643 729 187 609
92 953 544 207 18 238 169 622 104 865 976 554 577 946 913 775 680 415 52 343 470 632 669 285 734 182 931 544 337 700
120 336 624 918 171 7 108 709 391 348 343 913 283 603 801 592 936 636 424 269 36 177 864 527 233 485 746 693 0 281
514 42 399 62 660 609 810 422 243 769 642 687 489 775 809 49 992 579 1001 380 981 983 783 764 808 987 275 101 567 18
476 619 885 953 990 890 49 324 830 30 135 668 538 91 755 332 598 629 403 131 810 753 361 138 936 284 757 89 875 656
61 166 447 468 866 562 445 146 177 354 275 964 99 705 451 676 26 756 1001 1001 852 967 218 568 104 284 280 301 181 235
654 42 149 363 183 395 973 959 83 328 874 594 664 490 883 871 507 809 104 613 576 566 150 899 577 582 725 11 449 57
957 383 720 912 899 562 732 390 220 969 412 779 147 217 381 524 584 1001 309 499 534 773 610 900 663 136 352 890 410 591
759 269 1003 685 438 554 363 980 108 760 47 711 656 485 507 683 602 330 673 205 687 201 604 552 495 301 189 340 408 874
835 974 781 370 261 701 867 816 8 56 574 997 42 639 506 609 561 367 300 463 19 339 700 405 237 697 205 805 707 32
370 861 501 570 905 173 794 203 677 755 416 269 989 559 286 793 90 811 316 956 611 308 440 844 697 665 139 230 798 368
4 971 174 730 488 746 802 869 847 443 422 435 671 229 809 538 802 393 305 837 850 477 587 286 500 75 555 76 552 803
123 168 965 79 769 140 690 659 144 200 226 100 382 17 120 944 439 573 748 628 781 530 900 863 135 126 569 204 352 361
949 597 449 63 779 253 292 509 995 425 744 191 143 22 132 362 41 514 533 848 626 605 852 751 83 517 141 65 970 367
656 286 812 633 919 71 750 551 765 918 72 191 276 300 380 833 970 570 249 510 260 634 54 251 868 170 79 630 730 19
485 703 839 656 156 260 470 974 587 545 194 245 95 641 778 727 399 88 2 449 115 443 741 768 273 590 599 71 889 723
290 861 483 17 742 376 155 781 820 325 341 570 670 950 681 331 170 403 736 125 500 213 193 394 675 332 260 709 343 790
900 922 6 91 850 142 448 452 724 846 310 42 769 795 394 756 791 806 552 681 598 697 706 454 175 970 977 93 908 510
536 757 872 365 828 157 218 808 342 934 225 259 974 961 833 246 64 482 370 742 797 552 81 818 61 268 366 434 418 942
711 528 968 408 897 973 384 28 770 82 974 12 991 975 968 682 944 106 960 820 89 831 964 586 302 875 549 875 840 314
651 387 372 147 761 276 59 324 657 601 525 221 789 600 124 474 377 443 763 822 703 23 465 315 667 233 246 948 592 14
814 966 104 882 781 251 41 703 295 928 87 540 656 591 800 674 402 525 1000 553 985 168 385 899 238 252 997 551 816 1003
228 929 113 926 908 767 219 225 144 778 497 800 466 512 370 151 153 61 270 520 434 43 812 326 283 951 243 764 881 955
461 410 314 733 285 900 987 825 850 311 34 950 9 311 673 500 373 920 354 510 390 409 747 155 498 568 223 170 998 395
636 258 994 924 393 2 148 572 704 163 83 190 863 929 298 58 709 913 478 272 922 351 244 369 113 773 428 91 308 485
272 913 248 463 706 199 829 172 130 931 405 236 519 55 503 217 259 916 408 452 936 493 127 88 443 391 719 253 220 650
352 227 28 972 927 917 518 750 69 605 90 124 789 930 478 993 663 569 285 79 768 870 328 123 83 664 296 987 607 755
921 529 860 255 706 178 271 382 528 539 318 819 517 355 669 288 691 974 975 883 407 534 871 710 360 184 224 20 575 536
647 562 516 973 951 334 4 594 171 867 340 448 914 714 569 862 460 853 157 27 243 368 696 341 377 159 370 670 286 265
965 596 703 113 35 878 321 345 658 207 372 861 250 195 339 829 826 50 498 272 196 448 927 53 106 149 730 169 269 152
50 159 811 396 954 203 666 345 922 274 514 86 363 84 441 718 501 570 60 90 337 915 707 575 933 368 667 358 299 462
790 780 822 883 964 827 697 350 461 50 476 587 656 791 117 55 553 225 378 358 129 969 1006 387 976 50 2 534 482 288
255 357 458 613 435 450 710 694 416 192 801 934 174 461 188 281 23 91 195 575 625 950 395 131 928 727 178 995 306 725
309 342 590 442 814 678 330 979 440 123 846 580 353 486 813 583 262 500 348 271 453 198 894 949 27 210 479 512 15 325
562 118 177 358 892 421 192 871 458 960 775 496 821 468 356 723 165 32 772 465 739 956 725 404 980 237 479 61 252 732
332 58 497 468 56 28 813 282 832 99 133 980 217 52 243 140 283 488 87 458 721 930 481 121 279 747 781 884 352 64
71 340 640 512 471 350 542 254 184 356 643 236 14 909 370 695 663 692 687 217 58 89 444 963 974 73 171 694 730 802
300 270 564 538 961 947 646 124 264 125 726 856 118 596 537 883 215 421 80 898 904 13 217 141 784 206 1005 317 443 886
796 538 414 126 717 966 382 641 611 553 470 473 936 401 890 464 194 826 589 306 157 219 233 129 894 880 439 389 280 141
793 444 37 352 983 331 105 687 802 775 62 788 282 92 152 179 369 568 410 991 885 272 736 865 303 623 567 501 308 259
709 805 759 232 499 363 43 607 901 508 231 450 976 747 70 630 681 153 799 647 441 128 695 814 827 419 19 940 622 488
780 550 117 929 326 98 233 720 101 77 846 75 427 175 436 19 599 704 629 485 93 537 811 728 279 937 902 260 834 774
327 387 394 206 739 39 280 814 284 737 684 245 526 158 246 527 269 533 713 632 905 477 462 825 467 352 286 791 483 336
971 311 577 280 821 291 223 35 973 420 203 1003 408 218 898 566 556 125 659 742 214 429 8 925 267 585 406 270 130 482
853 637 233 10 621 194 912 436 115 782 338 40 202 578 139 250 806 756 974 17 624 307 435 131 54 167 619 927 361 40
686 591 862 88 687 192 696 937 650 460 406 490 484 209 454 509 370 753 458 204 919 247 382 679 418 377 788 876 658 568
720 563 106 157 283 804 851 821 508 803 349 406 197 424 35 920 123 306 315 691 733 564 373 557 975 616 440 912 889 834
65 728 205 589 850 273 499 855 884 921 384 981 264 595 606 108 699 273 4 2 81 360 496 950 497 924 443 236 173 170
920 537 371 955 191 157 880 849 67 110 73 878 319 220 686 450 904 262 260 276 563 50 822 729 602 82 597 770 594 620
416 191 48 426 443 971 43 781 137 197 858 871 461 616 419 233 663 247 137 694 440 655 839 600 445 669 861 599 532 749
289 681 817 360 531 190 700 356 397 952 714 435 688 35 884 898 363 232 422 868 824 804 399 313 143 523 357 322 324 27
114 427 348 137 208 618 710 654 703 695 495 145 521 2 161 413 901 584 620 957 836 531 344 675 271 676 961 593 612 355
744 683 717 14 241 74 956 806 209 167 975 864 722 821 784 803 530 9 227 744 829 251 545 85 551 548 112 630 228 894
413 329 788 982 738 225 972 578 533 315 341 94 329 587 896 904 482 611 575 961 550 495 972 1 340 312 674 717 451 283
171 471 277 221 739 431 20 913 871 698 910 878 537 14 667 752 94 11 806 928 80 247 374 729 395 794 612 802 41 815
749 150 6 754 880 413 266 200 108 535 604 370 118 700 553 9 734 549 293 72 48 806 356 963 535 589 785 902 504 4
785 757 651 162 323 178 457 998 657 600 956 429 874 989 77 319 927 686 728 864 866 687 160 43 215 995 855 618 228 704
157 443 218 81 567 693 67 455 542 433 870 49 737 401 83 8 454 866 359 83 365 873 108 658 288 415 87 530 358 529
34 481 798 703 579 340 515 744 956 412 286 416 972 512 3 708 139 50 783 223 921 49 230 440 956 269 665 911 882 848
743 439 280 256 364 873 674 353 78 416 794 371 850 449 624 502 400 646 427 628 204 426 412 992 967 857 948 19 311 798
770 483 558 577 448 997 794 803 539 597 424 151 245 701 12 933 53 607 293 376 762 859 52 716 158 688 218 220 757 630
115 173 472 426 188 51 450 653 60 261 765 713 561 599 604 434 147 719 826 591 461 653 348 932 323 969 786 347 362 807
176 707 550 831 53 655 872 699 204 919 187 521 385 20 925 81 741 785 795 530 783 797 822 22 59 793 590 257 60 444
305 359 787 69 895 98 990 669 409 848 775 311 85 913 33 287 126 879 429 516 441 869 691 42 655 379 188 843 12 205
245 637 854 873 618 450 881 808 540 597 272 600 928 700 363 244 177 637 253 886 12 232 480 947 464 533 949 252 135 578
997 898 58 962 647 158 956 910 841 0 22 329 767 525 653 555 204 356 870 651 671 604 834 183 837 65 671 916 31 84
948 69 371 69 500 924 604 357 348 904 44 556 763 943 228 502 890 946 372 209 735 1000 773 1003 267 563 594 58 939 77
126 569 207 15 343 460 342 472 948 884 163 796 133 153 482 855 726 742 840 949 824 526 377 700 806 152 268 817 800 59
368 80 526 534 602 627 42 471 888 871 649 583 96 122 976 40 1004 306 179 474 794 42 218 598 786 238 616 781 650 706
521 840 740 975 955 56 311 622 971 800 548 582 81 795 716 356 150 89 497 247 742 279 16 715 774 472 249 575 147 960
505 768 539 550 706 78 743 105 665 960 427 399 787 461 524 673 266 654 928 323 509 31 60 882 168 88 365 535 899 761
909 1003 714 517 14 883 196 905 675 200 349 318 552 315 138 196 150 336 641 798 125 516 105 641 180 146 385 476 503 824
901 275 537 924 332 600 946 603 364 202 725 137 717 658 150 138 372 619 214 59 575 89 832 104 400 40 654 64 499 909
84 984 225 507 428 410 234 72 735 233 986 75 756 296 963 701 890 560 759 737 803 200 719 618 754 506 534 652 27 890
563 661 511 548 859 381 218 937 585 16 791 1000 271 799 386 379 657 976 247 417 769 16 426 29 262 398 157 707 936 447
893 294 519 981 593 715 892 771 947 848 740 928 585 151 562 438 106 675 903 221 739 509 463 358 784 44 580 266 402 238
243 30 601 379 674 785 235 670 855 391 842 601 160 691 693 446 487 882 239 111 777 669 776 563 876 677 652 784 763 309
495 902 357 621 444 682 241 439 712 797 47 218 561 446 283 52 842 215 795 215 97 26 66 204 644 171 668 409 4 922
682 975 886 960 938 969 202 228 760 425 699 401 335 174 723 908 255 819 705 329 40 580 145 213 555 629 829 904 371 742
98 825 206 185 720 944 769 323 401 51 612 956 880 437 995 962 320 7 652 394 648 763 263 777 341 615 877 56 560 19
633 535 275 239 832 105 292 687 53 776 617 177 839 687 167 810 355 95 950 990 97 259 321 877 959 288 442 867 454 8
636 163 171 995 322 497 27 272 779 732 914 436 863 755 950 209 691 499 347 68 661 593 167 933 20 982 219 235 244 618
127 225 685 731 324 27 745 385 215 713 304 226 346 944 505 464 86 87 695 231 356 481 575 594 893 14 542 180 350 122
497 494 719 961 89 268 802 259 278 718 665 493 292 547 274 302 674 278 9 253 555 364 187 276 33 857 2 487 147 246
143 532 290 335 738 970 16 491 932 956 546 165 314 519 290 520 222 235 27 45 581 941 939 565 545 310 78 784 709 796
738 324 291 556 607 426 662 335 1006 774 117 403 960 349 403 824 486 983 397 305 141 432 477 485 675 132 457 329 693 163
318 301 213 380 489 195 505 800 1003 506 30 433 254 724 483 821 574 433 669 840 952 52 532 783 215 423 83 245 34 942
912 417 135 169 879 658 206 776 826 93 751 417 767 575 313 183 981 896 253 721 260 433 530 339 919 593 658 195 421 496
590 87 912 848 314 391 724 924 405 115 694 278 349 443 635 643 905 555 521 393 476 506 950 324 254 324 54 637 717 994
528 129 619 536 473 451 886 348 531 952 858 475 504 127 875 775 127 396 584 841 673 251 965 598 840 188 865 283 355 185
572 465 302 829 457 606 940 232 832 186 925 962 199 163 459 719 1004 916 852 199 632 329 299 329 183 871 628 714 767 503
609 803 364 966 95 73 692 870 829 123 860 997 700 72 883 509 349 537 495 306 245 808 716 740 901 259 926 19 363 924
153 161 633 80 40 877 919 28 779 908 185 121 316 726 459 111 803 740 502 612 973 584 58 132 874 577 502 599 852 601
765 154 467 1005 347 730 313 343 256 689 497 354 649 364 509 667 958 902 526 65 595 421 650 385 121 41 692 366 744 853
696 393 133 191 483 188 670 894 218 323 960 963 104 471 700 574 550 626 546 944 477 983 948 391 897 108 460 160 989 89
690 592 964 828 629 431 372 926 227 265 232 993 509 28 292 607 882 734 690 671 610 626 958 47 892 747 375 23 955 493
431 163 988 222 131 810 91 960 588 173 320 718 899 403 240 850 529 40 968 849 457 878 904 787 526 920 639 680 125 933
247 212 978 996 123 1004 731 253 936 783 831 173 477 436 505 354 387 48 879 749 355 276 353 943 351 49 937 83 458 854
231 247 625 255 375 761 500 972 561 38 45 500 932 118 326 668 863 869 847 410 744 160 412 867 841 836 348 542 690 452
223 42 619 509 773 371 827 835 245 896 884 823 477 771 905 512 278 696 671 155 43 722 954 557 154 421 857 518 982 819
986 877 3 604 401 735 850 276 714 453 349 89 236 989 647 423 992 809 972 208 506 798 785 610 756 165 439 102 217 400
72 8 933 218 296 68 501 1000 124 99 380 294 452 771 591 239 217 785 331 643 398 316 92 350 858 537 31 263 506 234
787 666 793 992 186 41 524 498 854 470 860 647 242 392 897 175 565 199 419 973 330 132 764 133 15 185 189 653 652 619
338 104 526 199 319 313 32 247 333 927 920 303 369 780 864 638 287 833 213 598 953 393 198 398 929 94 136 650 761 627
373 951 5 264 978 856 647 354 143 845 660 301 98 736 360 290 553 781 46 751 895 832 546 533 87 799 642 729 891 625
553 405 199 593 653 435 123 700 987 709 161 434 55 242 837 469 710 265 475 876 758 259 782 757 481 549 165 126 863 177
37 698 212 323 833 545 71 192 561 646 128 161 715 542 246 933 44 454 198 141 867 946 287 981 916 615 135 496 206 424
756 540 497 78 998 579 359 470 428 747 414 589 611 735 706 986 571 868 53 275 164 140 486 949 24 857 431 385 438 789
212 898 605 284 330 225 803 74 325 763 133 637 268 687 771 111 947 781 388 371 718 722 477 401 134 577 428 62 510 450
134 325 294 428 387 787 711 161 341 215 701 196 23 241 865 419 376 955 37 181 330 332 203 432 706 50 634 126 5 900
110 62 62 217 277 819 645 648 809 379 1004 136 563 255 314 381 261 638 88 337 459 122 402 952 712 522 77 152 613 788
550 272 956 847 702 256 903 610 745 770 443 462 300 360 784 234 638 341 68 784 863 987 801 4 715 897 690 840 981 666
279 519 954 859 773 886 537 373 322 302 820 77 885 113 427 199 885 491 42 283 539 472 337 47 128 591 74 493 843 963
13 887 917 973 809 466 746 113 433 744 995 353 886 634 450 119 468 47 484 145 890 418 420 34 769 857 564 384 861 627
440 475 894 885 53 271 528 850 6 18 86 21 480 121 670 251 596 120 310 539 181 327 329 66 552 290 135 454 126 809
894 803 960 170 585 58 407 463 49 527 879 785 87 295 868 768 596 548 975 910 150 430 669 784 546 837 994 1000 402 15
538 61 598 984 474 925 91 224 683 302 392 783 177 785 451 355 339 719 865 43 843 96 788 101 227 473 286 235 836 588
836 474 555 878 744 439 842 122 629 113 274 624 108 805 1002 297 356 709 415 44 460 320 776 226 470 365 99 951 990 433
400 928 129 376 966 407 180 862 279 610 789 290 194 588 393 313 693 278 987 359 840 244 907 792 227 715 707 768 529 777
811 720 373 792 14 912 862 815 40 626 285 74 298 290 110 903 591 427 236 417 257 768 888 855 30 77 783 516 184 159
638 825 261 870 504 780 408 427 981 718 256 286 535 457 888 776 792 458 748 906 856 544 458 878 845 340 93 22 269 215
519 918 964 359 906 417 184 38 18 966 328 174 831 917 156 485 692 381 664 831 883 565 422 547 79 905 280 222 680 876
304 151 637 697 662 290 101 746 896 265 534 0 664 101 288 430 729 129 874 282 943 917 899 242 244 526 864 691 615 99
918 821 750 243 11 383 99 651 201 708 342 812 488 454 187 401 705 319 786 262 490 151 239 887 752 896 999 785 431 385
75 344 736 370 345 270 296 923 768 86 634 10 688 687 824 567 576 929 209 105 354 14 37 591 834 7 531 274 33 983
939 192 893 959 196 381 766 792 963 799 226 393 489 174 645 626 540 781 170 17 26 384 909 723 638 119 142 619 49 589
394 215 224 319 876 577 982 243 162 647 266 283 660 914 975 738 431 552 370 987 292 646 776 758 855 447 391 633 244 829
846 263 873 319 321 232 233 761 900 670 240 492 866 502 58 200 950 13 539 469 526 640 69 26 400 681 645 680 29 563
830 956 529 400 805 90 255 908 553 683 70 741 844 332 904 269 74 443 268 495 881 541 13 260 479 986 595 697 790 402
885 285 520 90 903 780 962 492 955 107 240 95 173 952 438 3 592 845 43 754 998 398 508 642 187 385 62 700 951 75
19 332 502 538 746 982 843 961 599 743 265 702 983 573 893 828 308 779 663 849 239 824 70 945 927 545 245 692 602 975
416 259 246 14 42 215 565 520 403 135 236 491 408 97 805 328 80 69 44 390 195 565 204 810 295 677 552 693 144 751
964 467 224 994 908 661 377 243 273 970 858 480 377 408 712 867 646 329 757 572 335 936 809 581 959 137 311 612 232 797
664 406 827 788 498 204 888 274 1006 748 6 950 826 480 920 811 143 433 302 122 261 967 603 236 995 438 405 995 744 678
636 660 159 597 813 165 576 635 672 227 540 436 491 617 628 606 390 816 538 522 133 100 293 692 205 734 458 8 923 788
315 556 24 544 382 105 186 977 479 566 339 713 523 285 921 355 767 443 713 541 393 148 664 53 721 26 1002 746 307 250
300 34 952 716 818 259 559 405 307 462 32 401 740 359 831 332 1001 40 310 916 64 878 498 858 387 550 403 865 410 404
718 440 803 154 117 384 782 966 329 10 258 515 99 605 501 680 170 927 357 4 642 729 839 885 332 114 589 511 263 322
727 957 937 944 76 236 156 379 889 809 961 400 796 721 213 574 276 590 933 115 399 962 578 403 655 70 271 728 605 1004
999 801 159 953 899 551 979 289 938 658 586 758 886 595 223 10 31 220 203 853 459 182 738 477 606 73 961 739 173 158
960 235 958 695 940 476 968 638 293 38 578 794 612 95 469 974 970 323 157 579 393 977 31 73 614 999 191 108 576 317
159 341 436 1002 918 506 445 433 1002 224 815 826 404 507 718 374 490 653 793 113 411 595 926 723 145 457 364 193 29 678
934 760 589 852 833 254 627 544 383 418 719 173 704 168 215 166 731 693 350 493 470 371 441 733 664 665 826 694 918 732
358 702 784 174 191 631 19 639 138 481 470 422 549 660 362 998 717 418 644 995 600 925 269 487 215 31 713 562 215 418
155 1000 808 249 635 944 310 961 561 330 228 936 606 313 687 99 286 532 557 760 410 647 710 1 712 20 969 945 408 885
90 622 400 967 318 190 332 149 535 286 289 709 520 213 689 722 970 42 747 839 659 71 394 524 973 612 756 0 359 828
81 102 559 181 512 290 272 878 850 612 670 637 246 903 936 331 214 1 427 235 849 965 969 603 735 67 493 301 310 65
403 88 243 194 109 929 265 923 947 677 577 231 528 742 777 108 481 503 267 682 130 40 811 56 362 1003 474 877 190 81
334 903 787 404 499 938 248 263 348 150 130 218 20 155 701 570 819 99 242 781 402 698 652 200 661 643 105 658 939 958
724 757 780 837 80 112 476 220 501 269 309 390 759 655 282 468 596 875 894 456 14 970 828 195 542 58 697 139 604 732
778 138 952 763 497 800 932 619 730 562 583 152 452 996 442 97 289 1 369 218 578 508 777 524 529 542 137 879 273 566
7 802 651 459 867 203 847 999 146 509 907 584 333 225 714 657 110 90 954 937 345 147 674 95 235 783 813 128 512 117
54 722 866 638 368 474 229 646 766 130 263 521 428 327 233 520 958 257 500 259 43 26 357 416 865 536 881 514 829 257
475 988 564 91 90 412 138 863 966 600 763 298 807 896 533 382 787 622 834 990 171 256 109 81 193 857 607 435 721 948
442 794 810 221 691 250 813 189 978 838 45 338 652 336 58 587 625 211 668 628 865 678 650 964 41 830 291 941 281 67
51 534 23 349 677 207 439 869 741 410 915 626 696 913 481 681 919 844 217 455 143 5 779 523 287 380 895 397 985 297
913 548 971 825 483 202 66 560 477 407 731 243 577 585 112 881 164 18 497 843 793 181 799 364 11 216 336 522 526 357
76 512 593 984 629 154 125 436 872 349 20 651 253 334 912 800 395 612 485 169 991 658 262 93 757 125 565 183 522 818
370 610 522 704 148 232 840 853 253 275 446 41 306 695 272 433 804 826 943 865 282 876 520 859 93 828 179 775 763 426
34 926 395 823 225 649 867 23 562 25 121 201 465 678 774 271 729 347 908 214 349 760 690 737 656 474 482 424 49 350
298 968 747 871 933 725 864 487 78 646 465 745 810 92 400 508 78 87 256 54 979 409 957 374 710 865 458 884 62 493
808 196 988 791 22 381 812 76 532 720 826 159 356 112 484 930 915 46 504 524 785 665 459 676 493 271 123 769 959 744
285 149 232 993 693 44 285 951 363 100 531 1003 769 997 62 130 872 556 182 771 686 871 222 636 494 840 780 187 415 128
897 497 817 86 558 61 222 285 189 932 144 994 284 558 247 170 954 161 727 677 694 476 389 381 430 377 5 472 99 942
570 419 377 597 65 369 434 307 184 678 594 592 399 217 816 138 553 790 330 379 183 731 660 600 137 829 238 852 267 420
822 572 183 373 595 365 195 1001 477 231 512 397 831 306 648 919 466 796 893 558 515 790 277 401 117 274 79 227 780 239
799 148 333 144 745 948 942 546 690 708 450 526 838 967 284 814 609 504 554 930 530 784 347 329 728 459 20 40 523 357
30 775 445 203 0 782 274 729 575 443 70 146 991 866 388 107 862 690 858 80 512 581 939 631 659 466 610 307 260 456
105 78 664 485 489 834 333 238 188 857 713 548 312 201 168 963 21 196 826 421 114 875 335 431 397 937 329 899 146 827
156 646 178 886 325 12 1004 255 676 23 629 773 920 563 690 463 44 584 795 725 772 882 910 1001 222 954 288 63 67 886
684 568 903 954 905 621 568 422 989 704 79 820 801 392 532 706 786 566 38 396 625 779 388 308 649 149 248 77 808 793
796 941 747 229 809 748 388 80 773 908 775 837 671 541 250 316 766 427 280 805 895 152 606 82 781 386 397 178 436 458
274 111 200 892 302 823 2 501 621 472 67 285 847 476 70 507 322 845 703 308 317 726 879 627 129 983 720 885 983 666
359 427 71 53 706 1001 262 647 438 920 502 39 756 988 116 132 871 689 374 605 483 610 63 754 897 122 741 554 794 736
619 147 768 86 383 559 472 210 490 956 578 941 44 244 956 15 962 754 592 604 726 423 135 76 634 770 790 286 169 480
81 308 700 733 744 281 578 76 199 679 28 799 643 343 621 318 907 363 145 676 930 791 579 555 306 669 938 665 559 989
489 883 347 280 678 527 232 987 388 64 659 314 251 845 428 937 839 461 127 838 612 371 497 620 689 955 399 16 827 886
248 900 91 527 674 670 187 519 592 360 983 292 352 363 565 137 552 148 930 918 324 610 29 639 649 196 677 869 183 914
831 801 364 431 841 516 629 872 238 545 420 699 610 604 874 8 153 541 407 5 919 221 406 469 868 228 661 194 901 46
900 218 290 666 78 719 937 243 139 236 19 302 857 868 476 715 171 507 312 160 189 332 772 472 313 773 79 98 542 821
315 567 499 348 695 298 905 33 158 214 704 999 933 450 648 165 612 106 518 552 398 33 516 597 345 934 179 88 821 936
623 544 434 221 131 564 102 220 709 838 927 985 294 205 917 676 246 634 613 23 844 834 5 718 149 485 1006 964 960 501
41 64 843 713 215 270 710 20 93 253 488 532 750 144 926 556 78 503 123 9 921 570 283 792 690 186 506 432 38 153
625 185 34 521 653 556 907 465 587 352 955 252 476 37 100 814 857 234 355 23 60 338 275 907 835 876 262 55 93 326
82 536 386 452 773 372 474 215 377 451 18 73 657 524 429 518 416 888 610 41 281 777 129 209 857 17 796 264 178 854
112 301 671 452 876 107 537 914 320 819 840 455 145 423 566 155 345 171 583 86 437 736 475 960 36 734 291 188 538 95
716 680 483 655 124 525 22 954 367 605 19 21 440 577 336 984 221 683 188 185 656 524 591 426 466 703 685 985 752 615
2 55 684 334 813 121 997 415 256 588 456 645 683 299 436 775 724 387 467 716 9 281 378 485 953 83 888 882 850 802
292 86 453 406 463 724 873 528 701 829 155 412 936 511 932 551 13 213 519 489 537 168 156 628 168 51 412 490 585 597
176 343 315 360 521 140 282 502 637 442 890 66 655 784 184 94 667 462 158 454 358 487 983 296 56 302 105 784 973 351
346 463 313 163 935 3 510 166 47 130 676 766 992 843 126 494 254 953 72 953 980 783 757 774 971 332 965 999 514 551
583 451 598 580 553 529 841 454 302 99 932 220 882 611 126 455 693 251 956 418 902 347 29 526 596 855 133 564 740 622
575 667 998 785 775 178 400 679 952 903 929 833 570 147 540 679 970 407 235 775 626 512 282 274 169 236 56 907 742 568
720 121 647 919 148 453 164 841 81 260 723 861 925 573 185 267 342 474 380 17 807 332 669 474 109 992 909 857 438 333
5 632 55 205 820 284 132 67 495 46 967 38 423 66 533 353 663 845 639 490 65 874 174 875 604 106 66 417 137 298
340 653 334 939 182 233 105 234 877 944 873 253 676 101 849 161 965 328 122 955 887 699 28 639 233 938 165 429 147 347
754 275 26 605 720 41 713 516 376 357 89 794 306 652 92 580 623 495 906 85 105 659 861 399 266 996 628 143 721 198
835 882 690 138 684 995 889 729 764 47 740 27 706 981 239 920 486 921 983 848 142 397 121 946 127 95 105 312 448 606
691 454 575 176 961 203 120 896 663 510 883 252 825 116 1004 278 484 772 303 741 485 152 637 268 782 377 722 888 885 873
912 614 909 105 376 4 273 495 953 762 495 215 373 190 59 204 401 128 904 180 767 416 514 542 514 950 565 156 816 392
489 493 439 860 260 854 479 17 889 813 941 171 875 694 136 66 582 779 250 691 911 560 356 464 948 50 844 906 867 466
807 798 863 204 557 18 119 908 987 337 543 932 386 955 109 690 701 709 339 563 525 641 260 798 571 2 237 453 438 583
304 32 46 92 432 489 698 390 156 974 764 492 588 375 362 994 681 714 892 921 84 484 685 891 632 548 466 275 337 208
774 879 356 457 205 864 339 815 304 480 321 721 558 828 739 274 401 166 431 510 968 863 386 54 946 116 882 2 904 352
912 644 676 81 905 293 202 975 166 213 834 403 183 227 36 56 100 896 668 733 245 62 296 223 314 319 132 170 847 335
386 890 575 973 55 274 47 859 703 100 739 116 124 795 18 458 727 188 770 434 884 474 320 692 6 311 299 912 641 938
62 79 343 754 669 971 997 892 577 586 892 530 495 643 524 308 112 757 780 189 387 400 175 161 471 89 48 515 850 421
837 349 103 255 273 741 12 131 955 555 635 337 834 154 770 954 848 451 556 1 1002 296 138 825 913 3 540 164 937 114
937 265 95 891 571 289 478 721 35 823 401 420 932 685 146 41 55 799 215 299 260 922 349 944 956 286 248 19 664 395
494 503 441 416 967 527 849 602 114 658 126 635 470 296 272 124 100 754 514 265 660 950 471 698 374 328 746 745 486 224
529 180 421 133 438 933 577 524 831 387 713 551 696 404 819 455 307 936 860 463 205 193 223 752 421 995 87 247 532 55
996 416 226 857 815 981 911 361 361 657 901 278 772 266 19 435 131 297 501 362 173 317 123 967 773 819 164 740 212 927
606 860 805 611 653 176 10 625 598 138 22 96 856 21 737 733 618 700 443 894 298 279 450 143 189 381 588 116 1001 276
358 235 582 135 500 165 64 186 21 139 990 94 457 618 87 445 929 412 439 858 313 733 224 569 1003 216 167 565 992 56
154 486 666 297 666 466 326 311 34 137 70 64 357 531 755 566 598 48 118 830 934 164 877 716 467 882 130 207 773 133
873 446 611 26 314 793 953 671 62 177 580 305 83 514 887 273 173 566 477 366 893 500 582 309 430 413 95 455 796 397
665 546 836 641 185 258 106 86 279 791 119 93 312 179 482 903 654 348 387 853 69 635 122 94 19 570 614 217 237 4
719 436 800 941 514 418 563 527 153 409 40 173 941 85 867 831 585 933 942 747 157 371 283 197 720 100 152 477 504 825
826 316 575 140 380 98 14 188 604 598 953 877 676 795 486 851 828 478 887 732 495 916 714 343 704 676 13 370 950 392
728 809 997 391 803 88 810 775 388 17 116 853 881 668 378 450 759 113 236 365 627 571 560 126 168 643 407 814 851 99
973 507 853 10 378 45 971 287 75 942 959 770 33 27 124 619 402 986 375 830 604 786 305 942 921 370 848 30 396 266
650 868 596 292 988 1002 41 420 415 882 886 182 931 929 131 420 419 17 840 608 452 493 1000 234 374 257 236 448 445 703
778 468 255 343 184 480 590 966 782 958 281 642 784 165 754 775 386 751 522 900 183 139 183 99 503 795 604 259 334 665
857 31 248 852 332 51 396 351 815 384 616 119 159 726 45 987 636 739 613 223 41 458 701 606 847 579 456 583 1 867
336 82 618 298 609 299 809 97 481 899 539 816 754 512 534 666 92 728 852 675 754 819 991 535 843 63 874 654 214 887
269 341 897 184 921 259 212 602 289 918 389 952 392 892 224 634 96 326 967 866 916 385 595 913 388 194 801 580 502 561
398 989 388 377 932 915 932 258 283 358 125 552 432 723 280 71 482 449 877 693 1005 103 808 166 218 627 517 423 582 871
432 602 769 40 222 89 245 31 12 662 552 940 582 740 807 252 853 305 246 614 711 490 930 627 79 680 500 195 208 884
973 281 698 123 924 558 256 29 686 602 528 193 921 714 238 906 601 734 280 502 765 588 161 951 35 167 977 276 189 115
395 351 647 153 993 528 188 649 811 411 252 236 641 108 1003 114 459 249 91 72 689 557 916 440 280 791 337 197 264 150
274 673 251 666 301 836 586 151 145 177 737 327 826 755 699 154 244 891 488 710 119 548 393 279 666 266 660 407 754 755
846 909 859 613 613 357 995 607 833 550 533 525 225 597 154 677 891 485 745 973 100 104 87 97 141 60 886 286 234 159
39 413 44 319 371 961 651 122 443 602 884 920 507 950 177 755 537 919 642 99 745 28 468 190 694 996 321 246 305 901
809 942 948 233 701 184 319 22 869 7 402 835 322 542 968 396 94 730 893 129 80 811 542 897 523 850 214 375 412 407
175 892 388 540 95 524 531 14 935 326 221 620 616 840 430 845 157 212 90 260 805 483 58 140 911 230 635 940 617 776
776 555 54 767 266 843 676 282 93 14 645 160 505 172 548 407 458 357 457 666 998 382 951 839 236 760 591 832 160 196
897 752 301 266 809 606 741 630 254 453 634 913 394 927 558 836 513 533 5 620 262 124 916 916 561 567 551 392 561 853
770 108 588 622 235 601 499 532 172 161 184 166 348 136 589 556 718 300 839 855 944 151 26 835 346 454 1 501 50 114
617 499 662 503 660 83 835 551 757 1002 150 786 67 875 848 799 1005 849 98 42 784 640 991 792 327 61 939 760 202 859
686 811 949 157 295 849 277 274 761 229 545 821 556 688 712 870 294 344 152 51 151 492 924 136 323 555 976 852 934 248
459 851 143 380 312 665 245 204 651 471 279 88 526 506 530 790 686 479 566 806 167 756 455 933 872 725 386 495 108 997
715 291 307 539 28 780 289 701 160 256 299 428 102 625 315 582 765 389 358 486 928 403 440 263 896 90 638 701 505 443
608 257 709 580 929 1000 47 656 653 127 918 664 615 952 787 178 422 181 368 949 960 930 304 38 1 506 308 357 213 468
559 352 245 24 200 378 372 257 749 848 385 887 510 954 344 873 552 65 92 970 953 835 485 47 297 317 732 685 308 773
984 269 128 504 231 717 248 526 181 792 157 648 756 799 737 897 840 548 530 63 492 629 537 981 787 114 311 953 955 90
381 502 815 284 666 411 448 264 942 170 647 561 881 327 958 230 808 733 410 996 334 873 697 628 1 632 178 319 675 54
161 340 803 33 384 690 724 938 316 218 236 964 51 714 739 380 533 367 274 250 755 50 406 117 280 719 500 4 158 764
639 677 628 835 713 592 889 3 781 804 443 286 378 51 262 524 818 959 298 818 826 332 846 852 360 849 747 234 902 623
316 715 139 898 715 25 771 499 106 334 525 19 373 664 588 1002 628 388 432 130 558 91 584 282 753 814 32 115 25 461
623 696 428 691 21 966 869 717 978 126 337 317 452 938 573 726 503 273 647 1002 568 293 807 556 49 646 709 778 614 355
560 694 454 396 550 328 974 555 267 204 679 906 356 142 651 6 400 683 41 424 357 17 53 504 408 911 683 435 518 989
908 922 28 954 990 145 239 959 679 283 333 897 718 412 173 259 691 51 842 652 647 1001 269 316 411 151 313 984 603 427
979 178 125 341 801 150 585 398 717 100 142 513 485 208 201 319 35 926 854 597 254 154 553 527 422 262 124 328 352 999
936 442 116 645 455 396 678 994 519 476 56 58 87 783 458 530 220 329 57 543 833 183 460 560 982 941 172 767 185 537
751 420 705 890 4 974 124 836 191 889 152 671 376 346 630 673 809 972 704 119 479 695 517 577 824 264 925 461 10 593
674 786 839 647 29 84 470 326 693 494 886 534 949 352 629 852 647 705 765 994 292 95 636 238 828 287 750 543 467 236
254 122 783 375 303 922 455 964 843 540 420 165 740 265 64 465 901 473 925 221 870 201 84 258 59 153 961 644 176 553
407 29 446 250 206 857 903 632 239 848 359 369 50 129 560 945 453 48 165 180 16 686 204 833 993 537 110 651 604 21
477 296 970 721 696 871 375 1000 445 355 183 961 369 825 391 492 582 338 708 947 834 473 908 558 799 629 277 474 137 568
254 362 274 888 470 830 245 90 692 654 812 700 290 806 823 741 649 504 918 853 141 66 924 247 387 46 375 192 228 306
218 897 84 820 233 628 538 293 282 161 572 643 937 941 467 583 37 455 45 809 373 539 558 707 452 383 227 961 468 681
134 412 348 290 511 8 124 124 799 491 645 210 954 287 902 29 935 371 582 34 963 266 29 21 807 49 28 524 547 780
998 574 390 44 142 990 21 924 614 789 402 83 530 968 455 787 103 448 371 825 558 436 577 129 449 631 669 678 90 537
5 898 460 560 405 902 378 396 270 405 289 49 796 663 519 300 722 704 36 667 557 855 857 837 379 711 738 52 873 921
349 812 501 217 556 754 946 503 466 377 204 361 94 287 614 619 7 322 233 229 747 4 443 486 538 482 651 563 458 51
781 712 672 162 111 587 1005 95 943 465 352 978 259 741 10 356 338 31 966 440 627 618 176 246 982 981 58 800 459 870
208 888 757 881 420 458 178 695 519 5 598 302 12 227 258 758 824 275 190 610 712 468 863 261 765 776 645 109 864 600
277 546 548 834 172 96 346 82 166 515 134 764 280 412 89 48 989 37 249 187 316 346 862 538 398 517 159 377 377 291
453 427 567 713 102 434 447 874 6 871 868 13 860 430 679 38 874 452 318 432 924 941 590 161 306 891 208 300 428 458
83 212 414 778 576 544 463 817 681 960 961 340 636 393 769 982 789 130 739 854 459 939 337 858 39 249 373 808 967 368
673 604 93 836 204 340 123 34 777 973 277 803 866 341 541 416 900 834 608 638 565 939 770 712 398 798 734 999 607 221
346 370 355 999 916 610 923 411 333 103 798 68 303 885 3 600 103 163 242 875 897 648 646 187 175 781 438 833 329 349
440 388 374 974 544 136 537 790 895 759 86 286 917 337 326 613 983 175 479 671 75 596 277 422 284 960 977 401 343 149
269 571 879 365 144 749 335 874 373 409 396 494 675 768 509 96 226 873 915 218 9 155 128 863 757 675 224 944 161 27
428 959 838 117 578 94 443 984 645 346 134 129 877 567 364 438 775 505 780 390 977 993 408 698 474 880 882 689 981 687
12 34 536 244 539 838 746 62 257 566 577 730 295 428 152 362 602 239 545 968 838 418 972 430 64 460 966 509 170 155
445 171 373 137 644 443 388 969 139 235 528 659 175 954 411 394 541 685 831 855 471 399 48 106 376 971 457 162 114 791
892 617 714 862 124 617 129 632 842 905 921 40 29 200 549 199 770 34 752 141 858 976 491 892 127 346 848 275 840 778
353 147 362 428 839 209 328 915 685 390 20 966 540 630 301 443 5 983 240 306 468 956 254 41 699 697 312 404 620 989
456 791 343 975 592 770 728 294 992 37 38 605 888 232 902 751 905 323 392 241 332 998 106 22 889 119 649 315 367 34
423 18 787 192 39 304 729 632 243 161 444 260 203 418 563 50 256 657 294 757 975 718 781 681 375 922 698 716 573 441
283 535 590 838 533 196 137 630 936 321 359 12 973 778 596 594 228 212 946 807 947 763 276 572 973 654 13 82 699 169
485 815 348 211 297 831 435 530 987 568 961 450 339 856 94 829 773 351 841 727 807 637 758 594 859 677 372 408 979 923
749 306 842 901 689 340 451 810 971 866 242 603 221 979 277 155 840 244 473 175 289 731 305 216 869 327 759 318 859 567
733 361 464 907 483 369 988 726 237 263 309 998 553 818 871 630 280 900 536 599 979 652 14 219 315 940 667 759 627 919
559 546 640 496 613 258 699 682 42 119 660 598 295 351 529 607 471 704 689 415 74 129 513 4 172 542 753 140 998 172
758 617 989 988 35 928 367 783 483 1004 511 464 118 475 237 717 900 403 825 447 977 328 743 313 831 916 241 862 895 228
