-774 -218 52 -655 337 -731 -522 315 66 115 -251 -142 -351 -358 -839 -631 -246 -723 44 130 5 -116 760 -607 223 72 183 -77 -653 190
-585 -166 79 49 619 657 -279 -5 -44 -603 187 144 13 -480 77 -510 85 -102 235 -610 44 645 -165 280 9 -688 -716 523 195 642
252 484 -564 68 172 521 -81 312 -432 -28 -518 777 -236 699 -545 56 -472 -31 192 -207 -299 486 515 129 -684 608 -420 12 -352 -83
-257 -366 -341 -833 248 83 124 -98 -311 -276 -243 168 578 -346 14 -895 546 981 545 384 -138 839 -299 163 59 -53 -208 285 691 235
53 -379 292 -74 -374 -436 -456 -501 186 -208 89 1 69 -714 -227 -467 -496 685 683 722 329 474 -99 44 -161 532 -381 441 47 74
222 -148 25 400 477 -738 -561 507 -454 113 -108 744 272 -165 -304 -364 -362 9 -574 272 -464 -358 -513 -2 -353 -484 521 202 -142 221
-328 918 -262 508 -136 -432 853 -87 -787 -417 786 1 -599 160 -214 127 62 207 -298 -17 -860 -432 -117 627 335 -132 889 29 -434 35
-166 636 800 -13 -322 380 -200 949 358 411 -26 612 -8 260 -476 80 362 438 349 -402 377 66 538 328 65 -210 243 -296 -139 -244
-278 -400 -595 -94 787 -18 21 40 -787 553 -545 -150 -289 -2 245 -276 -241 297 -265 73 -710 -340 -161 191 -375 137 -195 82 -95 498
520 -261 184 -331 887 26 -365 -245 -28 454 369 366 432 315 259 -184 758 -404 -390 -270 -364 381 218 806 54 183 65 -439 -369 -743
531 -501 -150 210 351 -130 -505 -708 -15 -453 -134 134 309 148 252 873 396 263 490 -240 -241 -198 633 -236 -337 132 668 413 64 -284
0 283 -775 -96 -414 226 355 377 47 133 720 -125 192 -303 -135 24 297 708 -89 524 -9 32 516 384 -454 -86 257 -175 151 -313
-8 20 18 347 243 209 -393 -36 -198 138 162 462 -144 -216 15 -163 407 564 56 -608 -411 -578 -274 -427 -668 875 -640 366 -218 -644
686 439 435 523 396 -650 -487 -223 -130 -185 310 103 -230 -443 102 -94 277 -326 497 3 44 -123 366 444 -257 -68 -99 262 704 117
835 -802 -124 166 914 492 -84 -614 848 -21 -87 -92 -292 -632 -258 -398 -94 -33 364 -108 -196 33 -371 703 -488 259 -14 41 548 -431
-83 292 -399 -326 503 173 436 -650 332 149 25 18 456 5 -335 23 -895 65 399 368 438 403 75 395 152 -75 -267 -418 486 47
-430 379 417 347 -658 -166 95 514 74 -636 289 111 513 -493 -547 645 -414 -374 -283 -257 -124 -289 137 38 -587 -911 252 783 240 671
466 -164 -535 -933 -210 -72 370 356 -292 641 316 248 396 654 -237 -79 116 -58 565 438 -202 -665 -188 -70 -30 572 -419 340 -484 -454
936 362 511 47 -20 -287 493 -80 307 -315 -242 -616 738 -418 449 319 748 -154 -691 -167 -365 -246 410 370 16 276 348 123 172 678
-155 793 119 -302 818 499 -659 -145 384 509 58 -110 166 -50 -841 -811 -339 -222 113 -120 -570 -28 -5 -345 -375 279 -393 794 -409 760
-901 552 -618 -706 -601 -98 -120 -181 128 -734 -107 -358 -68 169 -24 -284 189 -93 693 -59 -33 170 -328 -467 -519 348 -224 -91 570 -291
-657 178 -927 -199 -141 415 498 -915 631 -379 242 106 86 421 -418 9 -288 368 160 588 225 704 -231 -87 -136 619 502 19 111 -27
-589 -332 -271 262 552 64 -658 -691 672 447 -356 -374 796 225 270 135 282 113 373 -381 444 80 -213 -309 172 -192 745 185 -542 590
544 145 82 96 -615 -46 -26 382 -185 6 460 -232 -944 -472 10 -539 730 -673 552 -398 -275 494 83 82 -589 -628 448 -63 -729 637
941 -292 366 -368 350 -155 -83 -175 -294 -91 255 299 44 -158 -719 -289 190 110 -245 -547 -847 297 254 -267 -495 -59 196 448 -10 -609
415 132 -296 597 -168 634 15 -153 222 532 212 458 376 491 489 -812 40 -369 -265 -240 -104 -422 -174 -650 -32 104 -338 268 310 405
-568 -109 55 645 42 751 535 -290 -232 -88 -143 245 662 392 409 -339 53 356 -230 -9 -330 -438 -140 -41 275 101 71 935 -372 -75
-222 274 -376 15 -801 909 -88 -307 56 -741 844 -82 -179 465 56 -426 -764 412 716 -3 -241 315 928 141 -216 -26 271 -487 -412 206
-322 -420 -337 316 139 67 -461 -190 -506 70 237 493 710 297 -52 -229 145 309 726 491 359 177 -728 -466 697 -147 363 43 -681 -214
149 -703 -315 136 -685 193 663 -78 -623 -139 167 -316 95 -737 -612 548 720 -288 -84 209 -2 378 476 318 -612 81 599 -700 27 -356
-855 -78 638 46 -739 181 272 466 -590 -724 -257 115 -638 -12 181 -199 -382 -234 -550 -533 -536 -97 -29 -251 31 -181 -86 882 88 -187
-437 238 -100 82 -503 437 735 -84 185 -173 -10 178 -385 -120 -633 -102 533 272 -161 -595 -588 39 252 -6 106 -145 490 417 39 -489
-283 -430 31 457 -745 -826 -9 606 -436 335 -96 135 -328 -659 26 -48 -443 458 -676 -494 158 5 -850 -479 167 -445 417 -340 -540 582
-217 141 82 72 -315 393 108 22 -621 311 38 372 -146 -390 619 415 387 -265 -361 -131 -433 614 -350 80 -620 18 -93 -495 -126 336
-159 -449 278 -76 -383 616 -8 176 218 -206 521 389 -578 398 -239 98 -267 -259 -194 306 -746 353 256 -656 318 -52 -685 45 -370 -708
425 -903 -8 -36 -335 -743 674 345 718 15 -10 -300 -349 407 -169 156 455 93 317 437 -265 41 -532 671 102 -756 248 -611 -358 -214
-454 593 241 242 614 -880 -37 119 -15 -176 226 -252 526 631 -332 457 20 31 490 -125 424 249 -608 572 -295 355 681 581 -784 381
199 -1 -611 -880 -97 287 303 158 201 595 823 405 -506 -259 -239 247 -496 -99 39 143 -444 127 126 427 439 -390 61 835 -170 312
168 -701 -4 235 -514 615 -799 -101 249 -856 -230 20 -230 263 4 621 295 -134 139 -374 -253 -64 780 236 8 62 -395 -140 506 92
613 361 129 -352 78 -914 -192 -350 347 -170 738 435 -367 -739 -469 -576 -140 258 371 151 -227 -506 -160 172 690 339 -98 -936 -156 -710
-837 -435 -155 641 -700 392 448 124 406 26 -32 -408 -125 222 -149 528 -469 -377 -632 -673 565 -346 -823 -539 130 340 -121 638 241 -281
-56 -210 77 -244 -477 -33 958 40 348 -436 29 428 -452 192 -171 80 195 -453 -59 275 87 -201 126 5 -360 55 618 -59 -256 157
-681 -543 -335 771 556 -573 122 53 166 -85 32 -790 -94 278 185 -364 -766 71 303 277 678 235 -173 31 482 619 -605 200 737 788
322 -90 -57 -272 -30 -132 190 -3 -146 98 193 -12 -291 362 228 -58 -364 -404 333 674 101 54 280 -474 -685 624 -618 -186 634 -243
-718 -339 65 -15 -10 -323 -595 481 -186 358 -164 239 -173 -176 856 71 14 282 248 453 127 -596 -230 439 -403 167 573 333 -339 388
-27 152 503 238 -65 69 78 210 518 244 -783 -339 -52 327 243 350 545 352 -33 -81 -479 -902 -367 243 -402 -114 787 -906 280 -215
166 -178 -469 276 -640 -211 -298 -286 268 546 -327 -279 72 -232 -808 -452 -148 -427 63 -110 145 617 -834 -531 570 264 -322 413 82 -25
432 5 290 -215 -738 562 718 -338 -296 -906 -208 300 -801 189 256 -501 723 432 -650 -200 -79 -214 148 -70 -356 149 301 253 417 68
76 143 347 208 500 852 -492 46 -219 533 -75 -506 135 566 619 557 108 407 830 -57 -399 -269 80 351 398 141 -486 -827 -285 57
315 -195 -553 73 121 66 327 651 450 -190 -469 193 550 -359 -189 -108 -337 -71 -613 25 626 566 -22 -761 -56 719 269 283 -204 -492
-153 428 160 -58 -487 -469 -328 497 15 207 172 -522 370 -43 -168 -326 298 247 606 79 -365 123 162 635 -190 748 -708 562 340 -273
-51 349 -73 282 -11 -724 209 -94 -120 177 -363 -383 -133 -203 -693 446 263 134 276 150 434 -176 587 538 -833 -440 -215 121 504 233
-321 -254 963 -349 -199 -10 316 -359 -584 -469 248 -758 -78 757 288 -102 -207 -85 77 -452 -822 245 -522 132 -222 99 171 102 -186 517
206 -477 -481 15 113 79 353 -553 -528 -14 123 285 -303 124 0 -213 -556 816 -109 319 -293 485 -243 -717 -548 -214 19 -871 -98 -39
-539 -324 813 -548 -309 126 -42 -497 216 329 -515 -19 155 34 -368 927 -99 -544 24 -133 -4 -334 -589 -631 -222 -439 -504 399 -556 -125
70 300 -265 -85 -659 262 -66 104 402 155 51 33 121 181 472 119 276 -399 176 87 -480 -175 299 -158 402 123 517 -666 -130 484
-348 -33 -285 -215 -91 485 63 127 -546 103 320 -5 230 529 -488 273 -239 424 219 -693 161 115 334 -717 180 50 -192 17 42 -12
-206 -242 484 914 -226 486 -901 471 -88 -298 147 464 152 212 848 -36 -318 -474 -831 933 -87 26 -231 380 151 575 228 -22 58 57
-579 124 -391 96 -311 574 -278 -378 -437 -216 -45 462 372 493 51 156 168 -751 -146 63 -250 -81 -7 229 73 323 -265 -231 -175 -154
43 -148 -83 716 633 -774 -549 78 234 0 -228 303 404 -321 416 -154 203 90 200 -57 190 386 406 334 -401 -413 -76 -353 -110 146
524 -705 311 -206 -366 375 332 45 -201 49 395 -880 -257 396 -61 889 -426 26 366 114 296 616 458 -800 -324 -883 167 482 358 768
-571 266 -370 -168 -132 727 -682 -830 479 328 667 -877 357 579 -2 -317 -589 671 570 549 -38 484 -803 -692 368 480 -248 -625 -185 130
213 637 170 -5 11 -880 398 -228 436 -129 -481 -124 -219 -60 -58 -176 -265 682 103 -303 -356 -418 -469 -556 -242 -470 -487 259 -159 -219
26 -172 -50 623 -237 519 150 -293 426 -280 -187 7 -140 425 -140 -535 443 383 -131 -731 -254 -356 93 631 154 42 -261 -283 313 835
372 249 73 616 412 301 -331 -618 -393 -22 122 542 -192 345 416 471 -383 -159 160 -152 -371 319 662 -100 -230 327 -330 158 350 -335
-418 61 -203 125 -19 660 -609 -433 128 558 -526 -802 -223 -62 -695 -668 106 847 501 -91 -231 -54 -407 59 -62 -437 63 324 553 -196
262 576 -381 -770 -681 519 -157 -111 313 -44 -73 701 367 33 -792 -45 119 -491 -119 -784 346 -177 -272 348 84 -93 -290 -357 479 269
212 -157 -26 144 68 -154 149 -578 -221 -416 -303 -307 8 298 -205 60 -37 968 -59 -786 365 624 -217 220 -165 -464 -336 73 511 100
-650 425 250 171 -142 -229 -75 66 275 301 -299 366 -13 -95 -55 285 -14 -268 657 580 791 -674 618 -550 -158 -462 114 -141 -91 779
-368 -609 -454 655 235 283 -188 -983 197 15 -610 -86 -422 -396 39 452 -586 171 -5 -363 40 -663 310 68 583 -897 -709 38 480 -610
-151 76 453 264 -197 72 689 -302 -289 -372 -585 493 -269 -375 827 884 -137 -438 -117 465 264 -662 -3 165 235 248 15 -16 -151 -357
414 344 -40 -323 73 -133 -214 -266 -59 -369 198 -413 -717 -505 938 42 805 45 -620 65 -752 537 516 324 -400 696 101 -461 -731 -27
132 57 682 20 -92 -54 327 -50 372 419 124 161 -842 187 279 -195 -160 -30 -163 1 533 421 121 -212 -169 -585 -196 229 -98 -682
-583 520 -354 -59 294 -431 -78 -673 136 123 -289 337 59 -185 114 -928 456 -65 -8 221 2 -580 571 213 564 317 334 229 -161 -59
364 22 -279 181 547 786 -238 32 743 -168 -117 286 125 -114 7 136 -146 -294 -385 -426 -420 -604 0 34 -311 -606 7 542 -280 -364
-57 -7 -399 -117 229 -162 -583 -483 -143 -460 66 -47 -87 326 -889 271 -381 -6 -254 -197 -350 -347 -672 573 132 -639 287 351 460 -11
-114 252 -692 712 -291 871 -926 7 -252 -591 117 -176 140 -190 155 73 751 -537 -41 -276 302 50 -316 289 -476 271 609 -558 493 523
200 9 -206 -605 -337 -417 -443 -220 255 -280 144 -15 -5 -66 482 -66 723 -330 430 -577 663 636 279 -325 66 92 -593 364 761 261
-969 -389 441 -494 66 -5 -779 -376 -86 623 841 -27 -328 354 219 -228 776 -103 -744 66 219 -335 -275 -55 45 898 297 -725 847 735
-58 761 464 512 431 -923 135 109 413 -389 24 -555 236 -859 390 -259 -515 -880 212 239 -418 -219 -386 -248 644 -211 -438 728 -38 838
493 7 390 617 569 143 559 -325 -123 -566 57 152 -61 517 -466 -544 -57 -729 -230 -765 -535 50 240 -608 -214 511 -135 170 51 872
304 833 -392 -369 193 -569 137 -192 54 -739 352 158 24 227 -832 717 -745 435 640 321 -339 769 128 -116 58 601 -557 46 -621 290
335 -656 -92 -299 -938 643 -43 -334 -584 127 142 -370 921 -386 -349 556 298 297 -207 -87 -431 485 337 -420 -297 321 484 -464 329 -655
26 -634 -280 -65 144 534 -178 368 198 -692 -163 583 93 433 -179 108 -85 -385 -339 651 -120 924 475 -613 -31 670 214 -332 -6 -334
-599 -818 -170 357 106 -320 -51 5 231 324 -41 515 -206 183 712 131 542 525 -611 -284 349 -486 873 -354 817 -24 122 67 433 99
-872 544 -442 -777 608 -151 -488 -74 -205 -74 156 769 131 -56 396 381 327 243 460 300 340 -28 -250 191 370 106 -113 554 -452 -781
235 -843 310 488 -335 -308 695 836 -306 742 -466 -69 -152 -93 -781 -552 -83 13 -637 -276 107 17 -603 -435 -45 80 -505 279 686 -237
-514 54 -135 -247 -303 207 385 -68 350 866 -488 -786 177 -52 166 457 -223 -771 182 -364 -611 333 434 188 504 -171 730 -274 -260 556
-519 -143 -206 -807 262 -200 -14 57 -486 -234 129 -114 299 -50 -521 252 779 318 33 43 -376 476 382 18 80 -37 -258 -121 371 291
-153 -25 -288 335 -418 -653 250 -9 -125 279 -372 -580 337 -156 -193 231 -266 -786 706 759 -304 -110 -104 -60 -34 230 -213 -315 -303 -239
-408 -35 67 233 162 -13 740 -261 -51 -341 261 251 86 203 627 -52 -435 389 -443 663 611 585 316 418 111 -113 -420 81 174 -225
-212 -530 -1 -680 -50 -674 434 126 -481 538 -624 333 123 617 -567 -564 -246 -321 -205 540 905 -91 619 563 8 -328 -244 -887 631 -475
894 -221 156 746 -490 -499 -271 483 -289 835 -533 -754 -790 237 -853 -951 -148 32 -408 517 271 -226 689 -130 -301 -613 -146 296 76 431
178 162 454 -118 -422 775 186 -574 769 191 -88 443 -195 56 25 -735 -148 116 -621 -408 377 491 638 -148 -806 -251 438 -46 185 928
179 574 711 -741 7 7 688 353 -617 -312 68 378 -602 -458 -582 730 -190 207 509 97 -458 87 763 -702 887 -789 306 -228 -124 176
716 427 -68 255 -159 141 230 389 649 -292 400 368 11 -303 -481 -159 888 385 -202 -174 158 166 -36 18 -867 312 227 732 254 132
-81 21 -278 -667 53 156 -279 562 -228 175 -75 -222 640 -494 452 427 -185 685 366 135 -10 575 431 498 343 -645 979 -81 229 617
332 -86 289 609 -47 -358 904 218 -681 -926 409 558 39 123 356 -313 644 429 612 771 331 -702 -163 318 -395 207 600 8 -626 -660
-93 382 -190 -104 -165 191 198 -12 -632 29 871 28 -278 168 548 -70 330 -169 107 595 171 190 -333 317 38 -122 345 347 -545 62
-71 -61 459 -99 363 626 306 -541 -339 -74 809 -345 -125 -609 506 -777 182 418 -259 -672 -671 697 -63 -651 -118 346 453 303 854 -678
-216 9 283 9 -852 143 231 -381 -819 801 91 338 -309 -480 48 20 -42 63 468 131 567 -19 -111 299 -813 343 -133 -75 312 184
-539 446 -481 -28 447 91 -376 -180 47 43 210 -165 117 -413 -377 -26 -30 -538 -377 455 477 442 -630 -286 -236 39 542 -97 -241 -507
-477 403 -24 465 428 -224 -286 472 -488 -782 -227 40 78 265 -644 -352 -55 537 -365 -309 -370 395 -906 -321 -786 513 -355 194 153 725
44 -392 685 11 -91 -454 -600 -27 -693 171 -733 -75 565 456 -195 -358 -722 -199 -277 496 -448 186 -220 -72 -155 -844 191 -478 -190 -380
100 -441 -296 -532 102 26 -7 -256 -149 485 116 -169 -541 802 -595 286 568 -367 443 288 142 -521 -247 203 -871 -3 -1 324 -47 -765
350 241 183 796 610 -155 -9 453 -653 -627 344 756 606 189 56 315 -563 -36 304 135 -52 -361 401 640 60 -432 -434 -165 -337 46
-656 634 432 -1005 606 -647 -97 478 716 150 -334 -135 -530 -132 -115 309 -630 -689 -316 718 0 -404 -83 -187 -7 940 -471 483 76 -168
148 157 160 -69 -37 682 -55 79 528 454 -42 -787 552 -315 -529 -191 299 -236 416 -708 -372 -819 -844 -142 -804 600 307 740 -191 813
-529 301 -744 -382 -388 -283 216 -388 257 -191 193 -193 -71 892 710 -492 -250 -17 -398 150 -5 -436 -506 885 -805 -672 -39 190 -66 238
65 154 -484 294 735 -520 392 -705 -62 263 564 51 -636 -255 104 -475 -368 911 -341 -619 -121 97 -592 141 56 39 -266 -172 660 -641
114 231 -836 -490 622 -506 250 387 -894 -250 -745 329 331 505 258 -96 27 585 -760 -662 -350 703 405 -504 560 643 -639 283 483 -511
693 757 371 -29 -75 -220 14 -408 206 197 6 139 -640 59 -216 -260 -200 4 -721 514 201 838 158 -15 -725 -464 13 -267 45 376
143 674 -58 189 -14 -89 -660 -658 214 -334 -379 -771 71 -545 -511 79 210 -349 27 -113 323 -593 -142 -392 631 -167 -180 -507 -282 -353
-928 -572 533 -450 -7 -382 -197 -267 -304 244 -189 341 61 -693 105 -273 -7 -470 -59 139 489 208 -705 -98 -171 809 117 358 307 -223
449 544 -685 732 152 851 48 -363 88 330 79 -37 -3 -755 -428 -107 6 93 506 -128 563 -72 436 -8 -266 -72 489 603 155 259
-562 -323 110 -669 302 834 -348 47 -738 -337 103 49 140 413 -517 424 197 -146 193 -264 -197 811 -726 465 566 175 -148 -47 -584 -167
-233 271 -513 437 158 266 710 144 -242 -167 -302 542 218 -23 -407 -616 -42 -269 430 -74 -484 260 524 -303 -678 344 160 -425 -581 -471
15 -50 200 244 -784 -411 -322 639 646 -630 -538 397 203 -279 518 499 384 -502 472 79 -301 -312 -482 -532 20 -579 259 -571 -527 289
-246 -193 13 -522 -55 145 308 89 -860 -124 158 -371 790 707 -268 -409 -156 526 -306 -857 -55 -164 -107 143 -128 164 381 271 -233 691
273 -625 399 652 -729 -341 761 28 206 104 -60 790 -487 147 -19 38 829 106 513 26 -251 -663 -220 -648 -879 -582 556 -463 319 -365
222 67 4 613 -558 -231 -211 120 -319 -26 359 -220 85 -648 -428 -375 73 -438 284 274 159 409 316 -237 284 -322 76 322 214 -28
288 -635 143 61 -52 143 -108 536 -141 -213 303 -299 341 -392 -328 165 -257 -406 7 -283 -472 -454 -111 515 582 117 527 650 -387 509
22 326 24 439 167 -516 -245 446 -142 170 -491 407 709 345 -69 -129 200 -99 219 518 49 567 315 54 -257 231 -455 773 697 -33
870 444 -10 -59 -17 -36 -567 60 -687 240 -241 324 108 448 378 188 -20 -630 286 657 123 134 -172 -677 153 408 466 618 167 -742
-537 650 -203 -478 -238 210 -27 30 52 15 347 -349 28 61 -591 53 -442 61 743 -673 -172 -247 -401 864 -357 -789 -581 -332 -306 -625
281 162 -187 124 -382 -334 -257 135 -306 342 -384 814 -725 257 219 139 -58 492 177 520 417 -174 470 555 472 -457 353 414 -768 -843
540 -705 -101 -782 -771 -150 -33 -78 291 -195 -816 34 -760 100 152 585 -137 472 320 817 112 262 -58 542 -370 -147 -429 -67 -801 188
326 -393 -551 -124 497 396 227 -415 643 911 844 8 310 42 114 -201 -138 -31 235 244 210 487 361 922 -48 -263 517 110 335 -460
-733 193 -141 707 204 747 31 313 715 136 -446 -459 45 648 -244 -350 -537 97 -392 -513 530 -145 -634 -658 -198 -781 -678 -536 261 302
465 94 -61 -468 91 -236 300 0 -648 68 -13 119 591 144 450 398 151 -84 -280 845 -462 798 -248 531 303 5 -102 444 -337 -127
-393 -293 -201 -33 25 187 -165 193 161 113 -10 98 277 68 -925 493 235 -305 52 896 -26 -282 -670 507 440 168 459 -42 -663 176
-143 -571 761 32 40 90 277 -811 -106 -334 184 186 64 171 -27 257 47 -198 -272 -10 -692 647 -315 -84 580 -467 -9 10 394 7
-426 -551 -211 176 261 -885 76 -147 392 -161 480 896 -66 -85 844 -432 -384 534 150 201 45 -14 -562 -460 562 600 -15 -414 746 -117
145 -136 -75 -454 198 -325 -274 -281 -545 109 -113 -100 201 -414 -63 -502 -559 141 -519 -626 -90 77 433 -842 -395 205 427 476 177 304
59 -46 -433 617 -401 -70 488 -21 925 -672 452 235 -474 -644 386 47 174 330 283 -442 -54 402 -235 189 461 -520 151 -1 178 -787
-279 109 -611 -285 332 14 863 -277 -828 180 -453 843 -458 462 -218 -334 -218 0 -484 172 -559 -598 -752 260 689 -524 -313 -83 -31 856
-646 -425 -659 699 783 43 642 -182 57 -617 76 -223 15 385 717 -306 -289 523 -115 -79 -474 837 547 -665 239 -125 -238 -524 -386 218
64 -152 -179 -20 120 -72 217 -147 -210 825 -268 734 98 -102 1 271 -43 -5 -15 133 57 239 137 291 -745 750 -249 401 912 -852
-875 -163 23 -269 564 526 -352 -583 -429 -8 279 550 133 650 292 -549 -523 -388 106 61 363 363 -341 -218 317 805 519 77 -37 -88
-110 356 169 561 -361 -141 -980 182 502 -29 -9 374 -264 -181 -224 250 -25 -377 452 -739 590 334 -518 -419 -659 -145 -312 69 237 64
39 -173 -222 -150 -184 181 -67 -110 -880 160 27 -389 -518 246 341 380 -892 249 -437 -58 -224 -593 874 680 -37 154 -55 -127 531 -49
-534 -770 406 -155 -202 -85 350 -566 206 -518 156 -602 161 -208 -59 660 287 -360 58 219 -678 -321 965 -190 316 -814 -322 65 -191 403
-141 568 85 261 -867 -432 -741 -43 -644 375 644 171 108 -135 116 883 291 51 420 -148 -619 79 190 -641 -10 -287 646 31 -405 267
555 475 -220 256 237 -528 -796 -917 219 -584 -242 -611 -317 -143 -511 -96 -23 -242 -23 -552 485 -662 888 -250 -563 -241 723 -432 210 -930
10 611 -236 964 737 299 177 -340 481 735 605 -487 -62 476 -632 155 114 472 -37 -364 798 129 -158 76 -125 38 -466 151 696 -259
-920 -373 748 -809 -904 49 99 291 -1 -804 -330 -204 271 -241 -29 -243 -246 281 15 -47 55 21 -716 -111 -151 392 -239 -164 705 158
278 -123 -73 -539 -145 -19 -436 193 -455 -465 772 -73 -402 -304 -370 -120 86 135 276 368 466 -525 252 -90 -24 490 453 -233 -367 301
-26 326 -133 104 -550 185 326 215 -194 610 -299 138 513 -35 99 109 -171 134 -85 -153 -75 574 610 16 694 -122 307 896 -100 82
81 201 99 -377 -329 -59 381 -581 -23 414 -219 -176 281 451 -112 -1 -579 -157 -561 449 394 525 -161 681 132 282 -255 -312 -172 518
270 831 -248 -598 -151 521 -5 -368 563 544 937 -386 -15 435 -572 -229 -178 739 -107 -143 490 -851 278 -30 497 333 378 -173 594 -250
-559 546 -281 201 767 604 -487 -545 422 593 -79 425 84 -198 196 183 168 -708 -105 277 38 -119 -349 -526 511 414 -409 48 -134 450
-494 -48 -684 -736 37 440 349 521 -648 -535 -64 -339 -398 218 249 23 526 -138 -611 453 99 -932 -187 -15 16 374 501 149 -255 -746
-986 -188 839 -155 103 -310 -799 207 -25 -652 -271 -406 -577 237 45 839 498 168 70 -754 313 198 -621 -449 -149 693 -201 -78 791 252
-142 697 -9 -128 -153 -450 -269 -346 156 13 -264 -608 -496 148 -45 -303 -65 72 764 214 113 -948 152 300 -171 -608 9 674 -44 539
289 523 -337 -71 -241 461 -90 143 -261 -205 -573 72 -138 -350 -212 -211 317 -65 48 -35 270 -125 -261 -690 581 -220 -253 278 364 -458
-422 -629 -395 -375 157 -116 -465 156 528 11 -567 160 -50 523 -45 -108 -123 147 -19 383 -67 61 268 59 -609 -232 52 -436 -63 215
272 24 -590 32 368 -280 97 -120 505 -366 -350 102 173 -392 -182 -253 -242 -190 -347 -98 18 -905 189 112 78 335 -303 296 148 8
225 -440 -713 -35 -437 22 100 -315 39 -228 -132 -51 105 -166 218 101 -285 115 -546 -581 -332 -521 -662 60 -549 129 -156 -338 -215 -333
667 -577 -15 -682 348 -86 -151 501 -74 447 -84 -274 -364 576 -529 -318 -510 646 16 86 104 176 567 191 14 122 -198 730 476 130
606 691 298 501 335 462 23 -527 -240 214 -22 -110 615 -667 -199 405 101 313 500 452 -812 -741 -813 -315 -716 748 -61 -291 -205 910
408 738 459 673 185 -310 137 -806 -454 318 -242 176 -274 -676 -698 -85 415 -346 351 38 635 440 -690 239 398 -185 -270 -402 549 784
293 -694 -480 490 -293 -287 508 -194 229 -43 820 771 926 -12 -418 -86 39 484 483 106 -182 -615 -495 206 -7 -558 471 0 55 -591
206 -721 -303 -836 396 393 359 345 -227 634 -243 237 -748 -533 713 -112 -406 -364 -127 544 265 -924 5 -59 100 363 86 338 269 -451
166 -12 -447 -744 502 -583 -755 -533 -113 -340 -428 -52 -368 -67 142 465 -245 439 595 -142 425 43 -99 120 322 40 600 -850 325 217
662 -160 335 459 -456 590 -480 -542 141 387 -207 392 -279 203 159 -61 184 866 -942 -902 354 23 -604 820 328 -54 -503 -102 217 -43
384 -79 70 -213 461 150 532 -139 -396 519 597 -39 -198 154 651 407 -305 207 -394 97 782 37 356 416 121 -124 -245 160 -74 -15
-62 -41 -8 707 589 139 119 -761 -452 399 -693 380 -122 -713 393 -114 -602 290 -665 -19 -77 427 147 57 540 -311 -137 -140 279 -191
-306 -282 -422 766 22 -86 -696 333 -875 -777 389 -214 313 -320 456 19 -198 612 302 -538 23 -560 -631 -153 847 -604 -58 -82 -17 59
302 -488 884 543 141 769 485 -156 238 223 23 -531 -106 -751 256 -446 -539 -486 135 313 105 547 -534 214 335 510 -349 -182 21 176
10 -104 -392 -669 254 509 505 258 -25 149 -419 -210 -141 -19 148 -722 312 665 312 -794 111 -21 -264 -46 692 112 -131 151 -509 279
154 117 -423 -366 -530 192 640 223 -133 -314 589 300 473 -202 -315 -33 -265 -95 295 -18 -760 -494 -125 139 -663 175 -184 400 -338 -40
-58 250 -25 220 714 13 -655 -95 443 293 -348 719 567 -49 434 -430 120 -185 -381 -346 -260 -320 -140 48 454 -190 186 -432 -320 -112
591 -826 59 -330 387 -19 -701 545 -296 494 226 -66 202 -317 -594 -166 -699 503 -379 758 437 -326 -607 -275 338 223 29 268 549 168
25 -366 -695 14 -866 -692 -403 -237 354 79 128 -62 -395 777 461 -476 233 52 -101 702 -481 -103 -639 509 231 -259 -31 -795 0 440
139 795 -264 -445 156 -126 -102 822 104 -158 49 261 -300 541 -62 -890 -863 507 476 -305 142 -359 383 -220 -66 411 114 -713 -672 -269
387 454 223 -863 46 551 -39 -460 244 -8 -135 -358 -688 -628 517 -90 14 -329 702 -582 -229 -233 672 -421 -199 -401 -266 110 -55 849
-20 373 85 215 287 725 603 218 375 72 -103 -816 644 -466 521 787 -103 258 -357 265 -93 -40 -306 577 330 -294 825 -368 407 -462
-161 -177 -129 -490 885 93 144 -156 130 -407 -579 198 409 -91 -544 -38 91 -645 603 -263 680 -269 -17 319 706 92 -106 -370 684 161
-720 -281 -160 43 -377 178 320 -228 44 539 -60 512 27 94 -601 -611 -300 159 -38 184 -52 -574 442 -149 -38 -92 662 46 185 -25
-617 50 -159 479 258 -762 -466 30 -93 266 -109 -173 -517 -366 -269 -640 354 192 -471 -361 138 -63 110 205 -9 -279 323 813 437 -258
11 -305 191 333 103 -646 300 -507 356 -343 295 206 -696 -269 196 480 -594 -207 8 672 146 -500 -497 280 -276 -135 -416 605 -5 -294
171 882 101 -366 -373 -693 230 274 -12 -634 -434 -383 340 319 271 -764 58 758 -630 -380 636 -153 407 -382 -211 -183 420 -733 395 -126
157 298 109 -231 -215 688 -839 520 287 584 -87 -401 -370 -492 -50 -217 831 -483 -32 12 -306 -309 -634 -653 418 -391 541 326 83 -59
-289 383 -767 -834 -87 362 141 -82 -29 -614 323 -688 -733 392 222 -522 -597 -274 716 374 300 -718 -73 337 -418 384 683 177 -518 -43
-732 -691 64 364 -223 -300 157 855 -27 -271 29 -65 82 -223 299 600 -587 -266 164 -156 -257 822 270 -32 -221 254 300 58 13 -446
566 718 -76 -619 448 -569 616 7 -582 -119 139 599 -107 -42 687 -14 -12 -646 -502 568 286 90 -553 -329 594 -461 -82 -578 -641 33
-342 235 204 35 -112 -873 685 -436 -370 -209 -110 105 -756 -557 429 -107 -769 -50 610 -430 -225 -144 477 -181 -461 157 52 414 -525 -713
311 39 -621 38 -344 175 275 378 -354 -699 310 -531 657 281 -919 991 -855 -601 -126 -412 -399 -423 22 594 -115 41 -360 -30 524 -297
-44 591 145 150 -323 512 196 917 90 -389 187 -495 18 642 -110 -285 -833 455 546 -342 -915 -375 -444 418 634 -223 -566 -166 -482 -586
496 -589 -109 660 -359 -481 413 -747 -213 16 107 683 -18 -722 -95 -285 -446 408 539 -267 -21 451 -123 -485 -417 -164 478 989 -537 -854
694 28 701 25 -75 79 389 -431 -461 406 -935 -12 478 600 -231 169 -50 412 -142 -653 396 -11 543 -542 152 -124 -503 -654 369 -520
-337 -211 228 -222 -817 347 -492 -368 81 267 -262 -275 -126 -346 -874 341 140 -347 -189 826 -905 -189 279 -46 -329 371 -91 -63 -596 310
-133 -138 -205 -243 385 -16 -888 336 334 387 -7 664 -652 125 80 -306 691 27 -270 92 157 -14 -215 -102 -215 -304 629 629 361 -106
370 238 -125 9 -506 648 -721 834 369 598 90 -794 -738 -273 -170 294 -67 482 428 -479 19 515 47 390 461 -25 -28 873 -479 -724
-4 -228 225 147 518 -561 177 653 -570 -711 -43 -56 209 1 78 -398 -118 10 -75 917 -251 -181 95 -321 617 -34 -453 -926 -641 -396
620 432 -237 -702 449 -96 185 892 157 739 193 -19 -81 -31 -208 -144 58 -438 19 57 -471 -57 490 -501 -376 510 -394 -133 950 -62
-555 163 818 -133 -201 409 -206 459 -53 323 -910 453 -371 85 856 -54 -233 737 -275 293 651 314 -145 -431 -516 -85 635 66 234 249
40 -169 -195 104 -378 584 218 626 -222 348 357 -64 188 -144 -307 -469 -350 -642 -269 625 161 -1 750 -46 -238 224 -176 246 268 82
762 659 189 211 -875 433 124 -424 75 -404 -749 -154 497 -273 260 271 656 342 -274 445 -87 -199 6 -138 503 -516 -203 602 36 232
-384 -406 225 70 228 -102 954 2 -104 -545 949 568 207 -486 -82 -148 762 -488 -66 388 143 157 -400 501 259 184 -17 -310 175 -527
837 104 -545 -5 -127 378 -607 335 229 -426 417 -190 -134 575 109 -153 -447 -156 273 -439 480 158 -293 -76 -465 292 9 -108 -122 -326
206 200 56 -405 140 217 -296 341 175 -432 165 564 -691 -487 -485 345 881 376 450 -351 -450 687 -36 -312 149 630 -238 28 -573 256
317 17 -56 260 411 731 -71 -133 -479 -361 -397 908 -406 -441 691 853 -543 -6 225 167 -13 401 -466 368 484 -222 185 -324 -29 457
-183 441 -296 112 -172 222 140 -114 627 97 -573 -595 -228 -55 358 -77 686 -256 382 -113 -12 -93 -240 164 -740 207 -861 -19 371 -295
99 -77 168 -73 96 88 -416 -63 640 836 -93 697 -365 -517 326 219 -26 -108 -687 -86 -707 572 725 -102 -426 -197 633 345 27 -71
-366 150 -959 -15 208 152 81 -327 -412 -469 -671 -496 -78 780 -297 115 -60 262 448 -134 293 60 631 143 215 -47 923 36 204 393
-438 642 -554 66 -100 398 830 -552 220 483 -4 -35 -803 -255 23 207 -291 -234 588 200 -371 546 302 521 569 -593 -804 78 411 458
124 -322 125 225 -672 -91 382 -63 -381 174 -653 365 -422 108 446 -208 280 -385 360 -188 428 -259 -27 -765 97 718 863 415 222 665
-34 -465 -220 -803 526 555 723 601 -597 -407 -478 436 -356 220 -393 20 -850 -51 68 -396 -813 167 650 35 -161 -309 428 -417 756 647
-60 -49 532 -282 -589 567 -645 -271 80 508 702 -30 -120 -639 687 55 -164 85 34 468 805 52 -97 371 64 -552 -525 458 -604 426
-553 99 -37 676 -583 -765 -828 -605 84 446 24 310 -93 -168 695 -596 -397 -130 -129 -103 567 -147 229 -194 595 -72 489 -167 -59 -566
-293 267 189 287 -798 678 697 -443 -512 -318 18 163 -214 802 -33 -232 257 -279 230 -515 471 63 -272 440 -378 -241 -430 -112 -205 -623
-10 -468 -819 -46 -93 635 397 -59 -855 90 -389 125 110 -14 550 6 502 653 -902 477 -363 565 -31 -14 -298 -635 437 523 126 244
-21 -21 367 -426 672 -756 -129 627 21 -688 52 208 -98 -681 -68 264 -14 -713 463 -440 -570 -201 -32 -459 36 576 -759 45 -437 -380
-324 -596 -690 624 364 232 313 -260 -923 418 -476 -591 529 -330 3 -457 53 -617 60 -80 357 284 -245 50 -105 701 125 -107 -307 -194
182 54 322 99 -215 473 41 -146 755 -724 -319 369 -69 -348 254 -117 -632 -63 -567 -828 -47 121 -549 -200 175 116 143 191 -102 255
157 -177 -277 -187 -7 -685 375 -330 113 177 22 281 63 -287 -140 151 100 657 266 -36 -270 -301 -360 520 -395 -53 -233 907 -123 394
-396 -514 -154 57 17 -257 181 -771 96 65 -724 -266 380 16 792 937 485 -137 -624 -280 295 182 473 303 541 -36 348 825 114 631
515 -221 208 -104 711 603 813 -270 -577 144 -175 3 876 -698 783 -45 43 818 214 16 -636 530 -193 -258 495 338 -200 -748 125 -640
-16 634 -339 -606 296 -37 -605 -620 -396 -236 -748 -485 -146 64 200 315 597 -655 184 677 456 -393 789 283 -394 414 455 -510 -624 163
154 599 242 654 640 192 755 -33 -519 -11 -133 402 -171 280 -105 -738 -415 345 411 568 -574 -158 502 -188 -874 858 302 438 -705 366
-155 699 328 74 248 -206 -475 -404 98 -378 -68 253 -325 -203 -91 843 644 -293 264 598 -13 -786 -145 -99 -237 -216 -236 137 322 -369
-99 -13 -198 -397 -640 -423 -612 52 476 89 699 -332 329 452 410 250 642 -120 -312 418 -228 -53 192 -23 -92 -257 -87 -130 41 553
-187 -30 -393 -2 479 -415 -298 313 -660 553 2 385 -590 334 -713 377 284 -56 -453 -439 308 637 158 -289 -250 -260 662 2 -227 706
-328 10 -2 57 -776 20 -11 159 508 -412 -439 547 -91 699 431 -46 611 471 -191 -157 -37 9 565 -505 -462 -702 276 -310 738 -923
-48 -133 -625 -602 125 28 502 -65 75 449 885 583 -647 458 -6 -603 248 35 -306 -204 628 478 -330 210 736 137 -221 666 -441 -58
69 168 -567 153 -188 194 402 376 756 421 -274 838 -251 259 352 60 -387 -273 -199 -484 -248 -330 750 -52 -401 523 746 266 -690 64
463 -20 -496 392 -610 -125 -137 -245 915 718 815 432 -132 99 -683 -13 -96 553 852 -568 -713 95 -515 179 -120 -718 351 659 144 79
-17 -19 -308 684 525 -175 -198 -333 545 746 -482 254 297 83 -72 75 -147 -408 23 140 -841 358 -346 -1 -96 -60 820 -147 -219 -351
-240 -256 -817 -309 205 465 340 460 256 -707 142 122 519 156 24 -200 -467 -321 611 -189 365 -62 337 37 663 -230 294 -15 625 229
11 11 -602 -76 189 236 -383 -154 834 440 852 -173 -488 -53 -494 -353 -28 -82 -285 -676 17 242 385 208 -114 893 97 214 -237 -479
-469 -232 -494 373 326 783 87 79 -428 329 -530 -603 -426 -343 -237 -88 92 208 -871 -153 494 -402 -638 340 -550 -597 873 -162 31 444
-461 131 -489 32 -35 350 -303 -81 218 420 425 -517 -590 302 -337 -334 -206 256 472 621 -561 105 314 120 518 -196 79 -118 -489 29
-78 -476 -748 918 -358 286 -48 647 475 -578 -387 -595 134 20 273 -4 355 -671 -217 -87 272 -171 23 -373 -172 -120 -243 376 36 342
41 -581 -93 21 -774 -99 252 -117 -381 -173 -507 445 -653 5 651 -238 -29 520 -533 -116 339 499 -950 -144 -138 27 363 141 -117 69
34 -412 386 -297 598 -106 175 -259 -388 -385 196 -548 -445 762 -311 -565 486 -527 87 -536 291 34 -75 -35 435 -738 168 739 -279 -231
-457 390 338 -800 127 621 -73 123 -549 -147 182 508 202 -320 708 -940 238 -327 87 33 947 -2 -465 -49 -6 145 284 -538 856 -713
173 168 -554 187 -121 99 -214 -93 397 -569 -484 -397 -393 169 19 -116 649 -625 -707 37 -475 -21 -37 -35 -714 564 -78 82 49 -554
148 -197 -522 486 -834 -244 171 -447 717 -822 497 -87 424 -174 492 123 211 594 -525 -203 -656 -369 -236 -880 261 43 199 42 99 -510
486 -868 418 558 -886 -539 -534 367 577 612 732 -432 189 -327 219 745 -192 120 -23 -83 -232 787 -631 584 327 179 -488 304 -18 -693
-250 -232 -25 -37 -75 310 536 763 330 -367 -331 -923 332 -614 -295 589 -226 41 -194 195 -543 313 -281 96 908 -21 9 403 -19 -8
-423 688 -38 803 -576 -22 -196 552 -239 -488 388 520 -665 289 534 -304 399 -451 247 -4 -276 -247 301 -280 566 326 -745 162 773 448
-361 -39 160 76 -401 -13 437 12 16 28 628 68 -524 485 -631 560 325 -47 531 325 -551 -279 -899 117 621 -152 20 188 -91 345
400 -101 651 -116 480 -544 38 -73 62 709 94 160 -72 -688 -565 706 64 -409 -147 -476 595 230 199 180 -70 -156 178 -286 -132 219
-497 -608 -433 -80 -240 368 -36 6 -323 -214 -427 -314 443 168 142 84 -834 190 -672 -790 290 368 503 400 -34 224 -610 -259 -204 298
163 554 486 -311 250 -341 -499 344 205 170 -535 -686 18 -144 321 -213 422 -281 -79 13 52 487 369 223 -589 -984 477 334 559 -210
-751 -748 -616 676 -37 85 325 492 10 426 64 -826 -242 -11 -171 -83 122 -43 -209 340 783 -120 26 -142 347 -846 75 193 -299 229
-132 -323 483 -77 587 -477 -398 943 -664 -248 -97 -299 -353 112 -50 -749 702 771 385 -97 187 39 267 860 -357 311 248 -326 -49 -318
-626 -331 255 -225 -112 119 316 -163 823 132 -633 -27 -182 135 -366 -158 -343 -306 446 -642 -799 -219 -880 -158 702 202 22 -363 697 241
-328 132 93 51 -110 -108 -380 -506 377 -263 -467 -110 368 -84 272 59 -424 -325 220 -611 591 865 -865 -843 442 -430 61 -104 -136 -845
-544 712 181 -524 76 -506 122 231 276 483 138 74 -115 129 -259 -136 -679 26 -686 -5 -644 446 969 -349 643 -449 193 95 851 122
361 -132 -239 -247 -68 735 -195 -260 -643 -980 551 -240 454 -134 -259 -306 -507 -439 772 -32 -39 188 -680 -505 274 168 -607 -45 75 86
-249 -612 -186 488 160 -439 701 603 -738 23 -465 -337 -101 -527 -646 -838 614 -21 394 851 458 -32 31 57 159 413 -545 -573 -238 239
-79 78 320 192 -262 -436 67 771 -98 -261 -103 571 -265 -57 -363 -377 -31 -168 -202 -227 605 210 -431 -36 -266 -234 30 125 645 -897
40 -174 458 -140 641 -366 565 -215 175 476 494 147 474 -260 -41 -119 -624 -6 86 -284 -591 228 154 -110 -828 136 286 14 -190 -418
184 5 -396 350 -383 -199 906 -641 -100 418 -183 -254 -166 -328 -512 183 -209 402 -151 -251 -668 -420 -209 98 918 -412 -1 363 760 -313
-43 -171 -234 109 242 -193 433 583 -406 -641 -366 -703 287 -219 219 -820 -531 529 625 -265 -714 153 -94 323 45 -132 -604 229 150 29
-878 281 429 -121 649 -257 321 401 181 -152 -53 224 -179 -436 -538 -533 -458 -426 -155 258 -89 -240 -70 -618 -460 284 288 -49 -184 778
-283 -324 -668 600 -449 -229 69 -150 -137 172 336 289 -68 630 -389 54 -657 165 -143 2 475 -408 -63 -546 389 -266 61 -184 -345 886
136 399 60 944 -256 -174 269 -420 350 351 -84 -491 601 288 -227 -353 188 -44 390 374 -246 272 -18 651 518 168 -178 623 314 -174
-466 -395 -265 -293 -40 -535 -281 198 -462 -623 190 362 195 75 226 123 1 -799 -49 -807 -31 -247 -315 -84 -262 -518 -693 -216 -321 -110
231 -695 712 -719 -91 797 227 66 -87 -329 120 913 -262 29 -522 -128 -437 117 -413 459 -182 419 370 -134 69 -497 625 472 295 289
-168 -656 -64 -497 223 -855 -823 -75 -913 183 544 52 414 -827 7 -401 139 432 157 -332 -288 571 -146 136 223 315 -424 48 270 -327
-25 206 75 98 -307 45 -52 126 148 244 -34 -468 305 273 63 282 383 -469 407 -391 448 753 934 -55 38 -670 -213 -382 -290 -301
-897 -137 541 -42 -851 463 253 -208 236 134 442 -845 -546 157 -166 -153 -402 203 -822 37 -309 -945 334 488 249 384 63 -835 -197 350
-855 712 742 483 -748 -77 -9 165 23 -35 238 90 361 10 404 -166 788 -64 -782 -431 280 457 -459 -88 -32 -195 301 154 262 -483
-654 424 450 -615 -98 34 143 -560 52 -423 -22 431 592 -33 225 185 209 -316 321 176 -425 554 327 -469 -975 -928 716 -227 -89 -243
-435 491 -541 -462 112 -159 245 -633 414 -348 -131 328 131 464 27 253 -260 -136 287 575 297 281 -81 159 94 3 -711 440 2 -301
133 -214 -14 33 3 14 350 434 -396 -172 -65 245 17 -279 -254 89 -241 274 -166 -188 26 430 -502 705 -227 651 -450 -326 137 124
59 309 -527 109 668 -698 404 -532 -686 299 -364 232 -155 217 496 -54 -873 331 -119 352 -471 -68 105 -97 916 121 -130 -131 2 444
-158 933 -84 499 698 -763 -897 -260 334 -293 121 -20 678 -58 87 -340 -57 834 709 623 762 100 -164 -796 -106 417 747 -353 -16 310
521 218 -228 -576 -416 -832 182 -612 429 -58 314 -414 -81 -441 -113 414 138 538 298 -857 -343 -237 -515 357 -140 94 -92 -378 677 292
40 71 459 -100 -316 -517 -25 164 88 -529 141 -542 -196 -285 -818 229 -603 417 -345 18 734 336 -845 -172 515 92 86 372 92 119
781 -108 617 -12 -114 -543 329 -67 194 -154 -343 -456 -632 -648 -330 243 950 -200 244 -264 607 -153 144 138 -430 162 -48 -708 -174 -126
746 187 292 -174 484 752 591 622 -80 184 -103 -41 -172 315 -698 145 -429 -106 -576 85 -394 -130 258 302 -541 28 125 -405 316 -197
-238 -234 -281 118 762 -39 647 -119 219 -44 557 314 37 -417 -289 132 380 -365 581 -185 42 534 -538 559 185 -215 -265 -235 486 -379
641 86 -294 -469 79 -633 -340 495 211 575 447 759 -332 -213 -334 -120 -356 -345 288 -371 128 22 -424 -569 256 -643 -351 542 -75 -177
366 -724 352 217 73 -69 -509 131 473 -302 757 457 775 451 -614 165 899 -29 446 355 -101 422 213 -133 -479 -426 -157 -262 -104 458
-186 -6 -432 587 747 -216 -802 -89 -565 461 376 -758 54 -319 535 417 58 846 -806 -376 -459 -191 571 617 -742 -333 581 -61 497 -577
490 -674 -262 -128 457 408 205 199 235 759 -349 292 778 2 585 -409 29 546 455 84 -182 199 -255 -105 -136 -384 -161 92 -374 -287
252 69 -5 -804 398 373 -152 128 268 34 795 -764 494 56 604 563 -773 870 -124 415 430 365 -476 -478 408 463 146 97 379 294
241 201 317 -450 -69 166 -27 -607 851 -283 -738 604 -637 -150 -549 119 -794 -229 541 255 -499 -23 -118 585 461 74 115 304 456 5
-45 -137 -7 -230 301 74 296 -619 299 -704 -192 114 336 444 -404 -812 -418 846 -566 -181 -379 -608 -263 -118 700 228 374 -55 -734 525
128 -392 618 -499 186 -53 -123 84 -758 -230 182 -565 86 -193 160 499 -305 -793 -152 -113 -423 -196 -608 3 -288 -504 -5 -112 -53 154
328 300 303 -511 -157 395 -737 -137 282 381 -242 229 605 1 153 405 -11 -114 392 -717 -325 -265 87 381 -90 35 -139 -175 -167 -98
520 -277 -13 -482 -109 192 -369 216 -375 -711 800 -137 -688 545 416 -298 -657 -20 15 -461 39 -75 557 363 594 -796 -300 59 292 105
106 -494 -495 519 777 190 510 -851 -47 543 546 -380 281 -320 440 591 208 -545 -573 -193 864 760 186 -254 78 178 350 -659 288 352
-279 -692 -42 457 -389 568 231 -81 -184 -101 672 579 -125 -300 -308 476 -406 153 -187 240 -644 -805 589 253 429 -867 -580 -221 -782 254
133 155 -175 533 -239 10 -85 898 716 -322 -236 -718 553 -409 -93 198 338 611 383 -410 -599 -335 -421 -407 42 -125 -818 335 786 168
-430 480 302 346 -508 370 -175 -256 -96 392 414 -126 667 -680 179 -347 -108 -159 103 48 192 -319 362 283 568 -381 71 271 572 -285
-760 -533 -472 28 143 173 553 -229 -222 -332 -764 167 660 101 63 468 -80 337 -171 323 -182 -44 399 -252 298 -264 -671 -222 -204 35
459 -68 248 14 -5 699 20 -561 -623 -222 329 -33 -411 77 402 -68 976 3 229 -45 -361 -280 -212 947 -324 -391 560 -329 309 -743
200 -719 203 -873 -258 -395 67 421 -77 -29 698 -553 -149 303 -141 210 -573 -225 -78 191 611 -102 191 533 114 553 186 89 138 514
165 10 -198 211 502 459 250 -533 -67 835 -345 -202 5 50 -426 675 99 -537 259 -429 -510 12 -231 50 -322 -305 -420 110 -262 -359
359 -5 -569 -376 -376 154 99 -82 -567 112 238 761 -682 125 87 120 728 -104 -592 61 -945 -606 491 -242 -535 -343 611 465 68 551
310 -727 377 346 -105 -793 -181 -295 -182 246 -647 -56 -150 127 527 58 -300 -205 -283 -114 -497 -617 -373 -77 -829 -599 -205 -342 -671 -546
236 416 -798 -470 -617 -93 327 -51 -391 -245 -194 -229 482 23 -124 179 -255 349 221 233 608 -534 632 -76 -814 84 -608 -18 -251 -74
-266 452 528 -368 312 -187 -410 -256 -51 602 84 -797 -506 11 -86 -112 260 -162 205 -441 -791 -328 168 775 -67 -194 49 -739 -487 -651
-395 459 254 269 177 604 -512 -63 222 710 -227 377 30 317 317 -175 484 -518 17 221 909 798 295 827 372 -186 -496 -40 -383 798
-368 -419 -595 -833 879 -874 600 187 -156 -543 -211 -463 -42 -141 352 -457 -58 -403 -380 -278 -468 -10 -413 23 37 -667 562 -231 -692 -140
