9 2500880243 0 916459722 5945850147712791482 0 0 13601111160976891408 0 1 8664408856881683980 1 1 16797219521837440183 0 0 8998495358418502911 1 0 2435980947380932209 1 0 3450883271277482937 1 0 6059982314842281923 1 0 17672930271634861825 0 0
9 718778586 0 792519939 13208741583039176489 0 0 14531809530853388322 1 1 2949440762404176067 0 0 10671136184981093301 1 1 4011025067434157421 0 0 17847603021755026574 1 1 11696504338297484669 1 0 9627987397401860389 0 0 5917126948420994324 1 0
9 1842374677 0 342907647 3946279020748507411 0 1 16829674013189906098 0 1 15149547421650833394 1 0 15714634653439370883 0 0 3858473996657226338 0 1 18130332437361806907 0 0 13123603314221239066 0 1 7353245246129556893 1 0 4152126010049982022 1 0
9 3323275407 0 273638283 10588864097446814668 1 1 17100594000904332169 0 0 9494661679560995315 1 0 15587647829185649422 0 0 4536741064335890246 0 1 16567625123173572283 1 1 9192870354914845794 1 0 16564299113594645787 1 1 2952428485231709397 1 1
9 2932076748 0 833101775 16231189061130191982 1 0 15984527545309540067 1 1 4048615095073106986 0 0 8746537073544244319 1 1 89343380729974160 1 1 18098727892576441502 0 0 16157352982839351415 0 1 5490822841580297840 1 0 329869542154918575 1 1
9 99280367 0 62579043 1834446463504043838 0 0 8903649260414290238 0 1 11418263693489184181 1 1 17731181574412381893 0 0 1782762882904909482 1 1 699421472425992639 0 1 2259888066936686635 1 0 755595376987325424 1 1 6621253807873815937 1 0
9 543860385 0 17157450 17535497061599715087 0 0 12286614587972557555 1 1 10366298594926280473 1 1 5372421733914976171 0 1 16206802470806433135 1 0 14644301786744126835 0 1 1536975092979507587 1 1 12503332443376097477 1 0 8581113207954533905 1 0
9 2679872795 0 871596279 10364396210351990804 0 0 6772480164388563941 1 1 9755641739992744857 1 0 14256685881722245054 0 0 4487941544947906818 1 1 15920102410643381603 1 0 11947104394645571095 0 0 15862147355899562572 0 1 2389508767509245652 0 0
9 1824807082 0 391258949 11093149920814099742 1 1 16475882586059125817 0 0 9167326647433223032 0 1 18224961636349513101 1 1 13413692992130561334 0 1 2217215123822942076 0 0 3278458884763744837 1 0 11383016582414922069 0 0 7748365208089983485 0 1
9 409163025 0 855604110 5613856212877886171 0 0 4506443297228938651 1 1 3276179371174309863 1 0 7965780615672676146 1 0 8444998040131197950 0 1 3217143864991637636 0 0 7358420614034003316 0 0 14762961098019467395 1 1 4868757561472432840 0 0
