52 143
22 197
46 127
27 116
167 16
149 174
150 141
164 180
41 100
191 133
101 189
166 39
30 108
49 162
39 126
59 182
188 95
159 4
107 69
49 160
155 187
52 3
139 149
53 48
41 87
170 60
28 30
32 18
40 93
108 134
118 164
168 28
50 144
97 34
133 119
113 69
157 130
25 12
107 155
112 195
189 50
48 79
34 13
40 52
193 79
131 135
3 30
81 67
183 18
18 94
176 138
107 32
101 80
95 24
143 52
189 36
11 108
198 19
162 96
98 173
45 66
30 199
109 149
56 4
97 140
42 25
28 143
169 151
17 14
166 62
110 158
148 69
33 3
116 147
15 144
60 12
19 172
144 34
18 30
74 69
141 175
42 44
109 80
132 64
71 15
199 155
129 76
99 31
178 124
83 123
182 54
111 153
176 177
81 154
74 51
103 97
88 46
127 16
195 168
153 122
60 26
198 79
24 129
53 91
68 84
50 145
149 140
5 123
186 36
42 185
133 30
170 43
15 134
64 123
108 133
125 90
159 107
26 126
118 170
181 149
107 64
16 22
134 37
169 57
19 130
135 142
109 79
7 123
34 154
77 174
109 7
154 66
44 71
142 21
21 120
9 185
42 3
124 141
143 9
7 136
63 76
59 100
89 187
166 30
188 116
185 154
76 174
185 86
129 69
157 134
13 19
37 27
150 168
130 14
130 155
28 10
1 91
42 195
151 34
196 164
149 51
37 141
106 196
167 127
127 58
106 169
134 26
101 173
43 65
185 166
152 88
126 3
186 71
60 51
91 83
15 23
139 172
68 185
171 105
64 28
60 51
140 59
194 28
183 23
140 197
5 51
23 36
124 111
150 23
57 199
139 175
186 67
82 48
163 145
125 131
130 94
66 89
117 181
139 188
127 14
40 40
178 33
91 19
125 15
80 70
82 23
133 33
117 89
9 21
126 75
9 51
113 35
120 51
166 164
154 29
132 106
92 102
11 32
123 184
178 178
79 1
145 190
194 15
129 39
170 9
197 171
151 21
77 36
74 101
136 12
77 32
68 103
185 186
40 113
196 15
180 31
4 7
163 59
149 97
104 103
162 67
97 61
39 24
67 113
27 132
73 46
59 150
3 38
61 97
160 57
130 10
171 149
55 127
120 31
116 187
15 153
10 24
68 134
37 103
126 113
186 50
54 173
91 177
183 170
117 140
100 181
120 30
133 114
27 47
134 130
25 178
173 169
166 165
125 60
100 58
146 178
11 131
176 171
153 26
115 94
33 137
142 72
194 119
36 51
110 121
66 68
118 68
105 42
115 40
71 51
163 1
175 81
90 90
122 127
37 38
95 36
94 31
24 181
175 55
113 36
68 33
155 49
100 62
152 77
71 134
117 116
153 61
63 137
156 103
1 89
137 184
169 102
5 83
10 140
158 37
127 164
163 146
7 132
100 61
144 11
29 167
81 155
27 111
118 46
63 81
133 195
145 188
190 31
169 33
192 30
27 142
153 198
119 155
91 99
92 11
77 156
92 151
167 72
66 96
149 184
138 48
43 98
125 10
30 157
86 74
84 160
168 36
163 87
135 115
36 37
160 6
20 70
25 5
69 192
64 8
156 130
100 132
32 84
22 151
133 174
120 82
153 148
58 15
160 118
184 183
135 3
22 190
128 32
117 157
20 165
13 155
95 136
73 170
197 59
198 172
95 4
118 156
27 178
180 59
12 16
32 150
4 60
143 135
76 180
8 128
185 103
41 64
160 48
167 195
45 95
108 162
144 14
22 120
18 20
155 117
58 129
165 36
60 114
57 1
1 161
