52
22
46
27
167
149
150
164
41
191
101
166
30
49
39
59
188
159
107
49
155
52
139
53
41
170
28
32
40
108
118
168
50
97
133
113
157
25
107
112
189
48
34
40
193
131
3
81
183
18
176
107
101
95
143
189
11
198
162
98
45
30
109
56
97
42
28
169
17
166
110
148
33
116
15
60
19
144
18
74
141
42
109
132
71
199
129
99
178
83
182
111
176
81
74
103
88
127
195
153
60
198
24
53
68
50
149
5
186
42
133
170
15
64
108
125
159
26
118
181
107
16
134
169
19
135
109
7
34
77
109
154
44
142
21
9
42
124
143
7
63
59
89
166
188
185
76
185
129
157
13
37
150
130
130
28
1
42
151
196
149
37
106
167
127
106
134
101
43
185
152
126
186
60
91
15
139
68
171
64
60
140
194
183
140
5
23
124
150
57
139
186
82
163
125
130
66
117
139
127
40
178
91
125
80
82
133
117
9
126
9
113
120
166
154
132
92
11
123
178
79
145
194
129
170
197
151
77
74
136
77
68
185
40
196
180
4
163
149
104
162
97
39
67
27
73
59
3
61
160
130
171
55
120
116
15
10
68
37
126
186
54
91
183
117
100
120
133
27
134
25
173
166
125
100
146
11
176
153
115
33
142
194
36
110
66
118
105
115
71
163
175
90
122
37
95
94
24
175
113
68
155
100
152
71
117
153
63
156
1
137
169
5
10
158
127
163
7
100
144
29
81
27
118
63
133
145
190
169
192
27
153
119
91
92
77
92
167
66
149
138
43
125
30
86
84
168
163
135
36
160
20
25
69
64
156
100
32
22
133
120
153
58
160
184
135
22
128
117
20
13
95
73
197
198
95
118
27
180
12
32
4
143
76
8
185
41
160
167
45
108
144
22
18
155
58
165
60
57
1
