583495190 460328741 773420074 606897512 911552955 356530610 51772138 289640156
867644307 182163884 9338739 710181052 201920458 266769808 859402831 44526955
281946768 24889681 871223744 784433785 898828584 733263075 728911481 31246715
176437245 963013391 689613600 136634724 823275612 382481975 7708890 68357845
510241673 445398158 234699544 184098655 567477549 963130238 607102345 29829917
596482980 44533221 235384192 795275505 524716108 255342939 274393890 958661811
293058435 384772958 391716780 463891877 52433151 742515737 558318611 637000336
657311808 743348043 753768809 484893157 163678655 21494487 611099851 47023537
270806866 231494547 457013934 145766986 981071960 34783379 801496563 83442613
518703957 685903259 797282470 943787285 781936196 709508362 772398222 935611588
678280975 143967203 355649137 895493560 245189086 332346490 309887239 774569107
277027001 140574228 122979776 741106514 94102898 54291925 236441164 687907167
813738919 776943787 738730304 743014051 314572172 97340668 388295747 448426641
306261655 5446814 943613970 947388241 125002150 827386437 610435351 462010321
626480609 628493257 743617346 3970053 981039064 349429434 851037910 153806128
832868752 477984322 982803271 855264861 832924613 777786387 768412307 853552766
10658493 626398069 49675006 168945834 101192059 341561421 404961455 443646497
723570851 251727589 331740799 598729654 224054271 702970393 220891547 52717013
396068077 436214523 33672196 182383883 394427083 484018405 479808396 29044787
117523745 883534391 186116588 621980957 573907551 556631900 924883365 951281905
40164661 848788388 329412815 620370873 60157761 87071666 442208216 689007585
422055777 397624037 155261708 321271478 771599732 258518711 122555628 421996482
539237972 253302193 540359869 241166761 150839249 949106685 279612649 245774938
607588545 264141023 737085917 98787155 330527708 229979437 168639447 662124553
265922284 116186506 818434614 946251628 701378232 197949329 167895894 845558
232581935 96924529 903498879 952470050 143954919 904325486 797585753 118096794
290713488 806167999 614075895 17761840 345405231 131290590 10668985 667600414
709202842 163885613 997316269 990236817 821990554 332498922 719488684 428303081
484185074 540897436 461838828 979795842 855434694 84699671 400193577 118539252
984346104 706581216 702739408 991635632 62792244 942447762 47394916 995625297
6616205 645510630 349826595 192995210 647141988 439184562 96996606 913584571
96784136 268565491 688526670 628998382 415584618 922595703 535900053 958612874
708774409 31453927 572165244 553656470 158756152 476391841 88997827 603368487
16159359 543910063 953722729 254048009 179639548 587755392 111622576 771030420
9146223 286992688 532157055 362501243 689269 52296955 240457732 914338819
726657403 107255728 118487958 61143349 74463915 407166932 410607850 994972282
702829315 420993998 423958485 978101778 952008227 706394230 618218523 162212499
266669134 888731162 417013768 607756064 919518272 647120787 800517868 762352152
492715955 639510323 929306941 212567482 948131362 240368654 160518416 306467066
130272552 495798410 480656837 52480448 853402105 496961390 264393857 200828745
503556321 623621345 673740395 269172264 80504923 46810563 565146766 310983453
704840236 617822870 507250314 614757830 273414935 399897852 558865389 705602618
353517231 942036066 452890487 564607656 60794304 83821314 365784339 649552324
592776667 998716765 991902491 600329802 196535685 31317358 753087347 650633343
144926547 859254580 79953367 675867666 814076856 162811654 750253632 617718023
68253332 623919958 394908236 434235362 374884628 350673852 41724083 40610332
319139220 985366342 143608487 973736972 853395309 652570441 55124754 939426716
109185952 645097342 122416164 125926430 49759906 168546365 665036407 740695835
938848842 751537302 990818847 216654529 92550943 111079546 777081957 39445729
454780663 783386691 912820640 60509595 189906295 657087887 397368787 543439656
978976413 235952415 734442912 205487751 848928905 821915694 85550414 780486068
964183030 957566315 13466872 30857933 455023169 263094913 935934088 187252609
848568767 33516370 761532343 834633330 683151746 592632617 225814366 488031518
215803234 961736053 35929760 302678165 94805709 390632969 283159701 990995334
387342066 82611201 922290867 499267170 32309524 73898413 245384560 795353437
218861007 970806740 319624237 698226334 18001291 345345227 496168613 546481201
710909374 459950056 196128132 440601176 258175578 121271137 192815493 983085503
966559022 734094558 536352646 696993374 807849613 380629777 926935691 175274853
29495752 759987804 763421802 596674984 929981971 375825192 407071553 133790008
80825772 904853015 323920383 827100973 624433655 137993315 663882480 667977377
13363767 651236055 856015635 373620034 995008692 658140038 365547563 545327731
407511243 822115439 381294882 384896438 26985953 203488733 163169206 202681740
526779729 549866967 363982225 170158233 446005440 637990705 156490678 797533194
607925277 102181383 878984918 196846618 13922671 242845058 436617218 699491648
266746948 291027126 57385256 640998858 562015388 841591807 81993652 216381944
228420002 909661031 621789231 977878460 471346793 800030240 849163611 855712049
454126072 838069497 444289668 401871216 16947845 61283489 412998543 390239697
366102273 395001660 856388517 677145997 811883207 67155901 250510155 643488557
776380981 291959244 656585758 176850188 657681120 19669625 757896258 664722126
952394398 404738739 793874605 114756623 946504024 551783416 572195574 7008909
659117445 589379656 244219081 963371828 19248617 528313522 695773268 412630763
820825107 741886095 346621432 463867851 516906644 274883415 273340040 458072961
646423986 948405347 923581715 785459922 315493809 559932710 468529610 498584860
122832906 865879070 223764477 675398219 971373265 217803674 447876627 239741987
992868195 327970820 183903073 918823526 498233325 689196013 286089484 495638300
815291147 646386394 43177178 260113241 995033770 24784983 797794938 848972077
441281463 312756160 934994460 376424466 96654254 556860424 427416682 732066630
663892520 638191789 159951663 754794538 192467441 701507051 322305136 384950631
223103350 16536792 151444344 956717298 559422392 596813945 32304942 792968156
179792131 812143018 58689350 10298071 185943583 727731113 783607544 417193045
24981886 813736780 634801794 954489114 223369132 174107331 390381272 770397679
726367302 705556017 740450237 32106310 930667565 468925238 607501547 9265952
647863407 89855904 100687683 125673799 341242371 933421456 349436224 89045570
237632483 336188862 791009232 932463250 351814459 48432369 720975643 108377942
288088039 303584925 460913288 54167362 65804907 409541123 202545883 858952359
579928112 28311581 8638370 524021660 562924665 435064743 696877478 354447647
167186460 411946193 183617312 542459140 471824951 836059916 533448622 511559783
376631844 255803639 214266413 416956847 647151106 828864680 865271386 402871165
777574352 448441302 92684388 875733801 145347691 421059860 956767982 202289389
874169090 274754562 421104032 853488508 173138237 4636907 272605969 612486459
20414036 360718098 147443499 581878059 859506659 815414595 417953204 525254673
981994391 340849670 280362426 32264379 7012105 481555153 401731851 130499824
19661332 712736544 765166272 985785026 775646175 38736396 293505631 161291771
706651868 182659443 796319278 383812396 161843031 603341639 326378619 289023648
989617070 492018070 54056848 268838816 653073976 254274002 399940477 602239211
613114263 865038956 513573389 687896620 347229898 824215117 121635931 648679498
103049422 890865093 257059793 782433537 231776472 774027226 940476878 530895526
963151711 878553932 887670517 474112501 535338165 593644936 282903205 258855536
150366161 820092392 834252462 448100363 469164602 123452510 628754455 897857820
733953947 255015666 552740181 704971636 218871470 722329888 238648679 869491911
719421082 957583166 116796696 117787218 844361944 579407432 47499802 886043466
178346384 419136538 78140672 465190428 114490796 173650800 25542006 626262882
280751319 695402534 93063390 981639833 358563651 742421758 176577440 27779422
537007139 264744293 51750409 899585730 313688784 665461297 975543815 789149901
914903290 8142808 390260195 57310724 243396757 468434642 962750022 277102507
354917267 789992137 827187826 310684261 873467725 743573829 437612148 130204477
117492994 87124599 100111860 683875574 884860591 923579969 268711185 131910263
272735406 66294467 189557269 136159206 271688081 76631762 991719782 362273452
428014458 843349039 843700977 83111653 438781482 768170612 970909401 771761255
93438117 78638145 233499272 471119286 633750635 160906392 173521275 694636687
201649599 706818097 117960538 360489745 533328043 500415457 17253245 931207264
301784215 861505621 24722095 927422590 527105208 80650519 125895312 491222015
53746911 769330674 953344411 845704099 12924526 143962594 987408656 139096546
798361880 500225657 153790858 567945785 197531483 564081750 854715418 720862621
364870050 126459512 929665928 658812519 140795345 135890118 439716950 714012255
115674690 889293306 229043747 789519876 869000415 920094692 655111076 671653019
838249804 616693784 58900555 224927207 449150490 538983259 553919941 313855438
27225557 337754382 221429246 760225194 951944532 640008747 512163925 954093966
861297533 470888030 467099478 953763047 443847175 65326804 68640037 276537207
139514390 161479736 23597491 32344994 3791818 107680615 443890071 654167937
591155946 234667439 621686490 424681870 464646967 540952189 138741936 62941304
503216710 407656688 157879177 589460421 201174723 321970101 818893450 443653863
918087957 884278152 890359677 927885106 930633059 925808337 339361733 492205992
710870095 612068080 625511671 718252362 748905068 776196681 112377743 597572124
25437041 430685826 996743713 859843701 22312037 899865921 915334066 391463220
141944153 188911555 971671033 23117263 448313546 578920700 692110985 237445627
982510107 915867657 698468781 434972641 678565456 229432430 138798658 986688489
307712666 161266547 628495876 614388404 416344749 92904427 931589503 106997921
667727492 608176181 179232541 638696620 493366430 181100462 780913425 881638944
537069068 517364111 212893244 79409090 804876953 828549178 972297704 989984612
965986222 212892783 811879769 734326944 21601381 557525858 385251102 317857234
800357373 202192612 643181901 932852045 836908184 685114806 993957658 5481456
226697863 708138086 766922408 35380876 329299255 519535600 409097136 53329484
224246998 738120515 91738073 883470958 39026036 316164208 430063613 312716657
263437373 735351098 10240154 15112141 323371050 403200204 697400412 709939659
616467492 430726918 12234337 812807473 720463807 817086642 507459112 405345083
696404833 43522526 351792746 274301723 998754054 155824296 83979426 630560485
412599551 127760035 249144505 961129274 382456016 355484234 78851574 543528231
223880052 195641209 4085115 81543117 985020691 360723621 227684909 807661395
405956009 566775660 426220687 983795362 914667003 985497851 621141445 44969727
703518232 483028582 807501934 129008103 395293555 205168234 262296653 618091234
525237589 174857373 268548361 318092777 34268006 209942512 221056608 289244400
719214892 665611805 337085205 272078845 211630958 114725483 53371028 298745921
165298739 545530794 192210600 53890140 821112822 116977726 706119420 720415333
173070027 674544445 939294944 490978253 302312837 493495273 202248584 120801701
750342498 142555264 784975414 892545596 390804300 912376320 834346647 455714505
417558689 190420334 701810341 352679548 342997898 840957193 960992740 109258088
21346620 869617235 33652785 35339508 938001411 694794261 574294062 185041284
106450895 100619929 381210101 138526260 380420091 823977292 163225457 516074732
834377627 914237807 68343441 209592784 776503983 778667560 739835809 186966692
449467630 914197634 990629127 96822593 41372425 745664559 80604031 230361958
341293642 600598784 663401837 668607098 479228150 629913706 16144018 549890343
261471379 323414432 284495050 762837353 53799547 809640342 47192467 280261015
641032150 792497761 572391532 209679725 112370538 923290356 846811960 362004568
794720146 739600255 404279861 572822269 810733705 553876157 981707221 752928492
499074855 262374113 182972891 918964843 107175873 272666815 790221969 450905119
647185486 764581228 362052665 201810694 86224875 126436483 402440387 882728983
619587466 914405795 918708076 147053414 850028158 766910176 834614379 597525124
728453413 786394549 96941362 748850546 550653166 74857880 286589365 640173770
573944279 218627394 410957366 144302941 135822359 622728593 469070482 124264797
679095079 864164860 140475790 895658120 542170071 750133702 467182692 144869326
912032653 167537582 761757670 566940031 349409575 489953958 246391691 265134123
639504612 36257203 616003556 865697462 433680922 879544269 117415118 700156387
350206797 520821043 902469812 580595874 525742425 339452210 363880726 982271062
80495892 56737019 110669651 702669743 245241625 533551422 274463396 433521998
782800174 898169071 107218208 599257780 233020275 661063197 476376303 900886138
305046081 58165839 163027941 978517378 150536723 86392161 498035307 162300283
227272101 392809650 41346926 177278927 314077962 276265863 5658664 189932281
604288806 420228485 141816415 775991572 395069764 932905212 565171247 246852243
41746451 376329600 513932946 101374816 297038441 741520948 353046038 22811269
159823217 980140945 840219271 490911461 945923984 504383161 332244021 686324333
196380458 916380873 38865044 24061656 662627696 131432275 53622238 251217306
795213047 146200282 847988618 184860428 414737959 669479029 506629682 227885515
349825320 940117529 26711061 36486898 338735865 29743891 187353326 933077967
248092826 561261272 583037210 465536182 354111981 825389376 454525733 421111025
403074296 19982714 901457257 505664103 495908525 441214459 692369329 183491293
68846297 912610837 998340014 677018645 638473735 808836997 529684852 894211204
694589367 716761001 45019408 654573294 788992468 781901937 241871868 650250235
800782809 546378915 307167170 612356316 869270209 451042975 614158264 641085898
433620564 619200751 990852883 8875909 258780497 730577512 638975518 283269570
667648973 425457738 804275930 154499388 277860950 360593873 258244553 87688045
795577340 109888758 985578672 942248976 82256419 284393560 150386592 194237221
846250183 918797523 255076465 402752616 725780362 537169328 903134735 73181232
658502378 484611044 333596292 122023964 95198613 878352433 609477982 444124524
75652662 343053319 966330839 165607322 359954472 815341808 305829785 821880699
894701906 785224642 744755277 188897769 348356177 406690723 9565207 485433072
637271304 214257470 598383067 899005827 306022974 692481552 492936972 137810145
876443189 122691029 961150006 732143529 745100301 346673477 339797576 877392190
574031022 49574999 960042912 649595586 5605263 969526884 144976802 712557521
365021154 311444808 685279328 87182937 969065970 879590829 337088738 319745866
192592156 432780215 908417376 789090797 381499502 561340631 826128352 898107947
911726880 240010421 664921213 47680210 710577257 349131952 317499266 292930055
175410011 525202704 853300744 276701684 444941731 483553559 204387434 182750433
203621594 4183254 208073852 684247962 9049849 120549622 847180557 410574361
17650124 494182236 397922934 730475392 515379603 837807674 119975270 911151077
32531613 966113709 987193725 847552613 776794597 802709673 319557252 797674102
577723165 687189946 811540202 892291089 999586718 858717299 880590334 553084213
48537286 867569378 442074693 120680772 702638947 106343761 663082350 769057144
320910058 132449279 959756358 123415821 863981756 212254416 953930671 198995428
278538951 819276035 773760485 626006952 643138256 849260762 611428454 509567461
