287851387 823548636 488202827 726069745 250405389 217719734 157258154 469888097
991555714 21424474 635020692 851107399 993907912 896262330 202093308 543323123
695849755 520347439 464371651 356261795 84479532 333971193 577407781 879474259
42125356 869475177 582214338 834753176 71104798 572146983 604731149 130962526
578592940 810613105 391278127 849323109 885361363 30620476 589189354 700720499
656107035 164650903 392843319 331895133 633300496 241175709 20335814 908475824
553321520 277817699 501497913 979833352 502175384 861745192 910007894 431931332
560718124 904376001 456980821 931230483 316231856 878044570 475067017 979895913
938717796 363811636 771574532 251954735 657201610 60196909 693438181 382329239
676906142 80002213 111732734 518713391 474615299 399108308 461180478 278705737
750704810 171949877 56972202 684847775 375221054 729656651 506393408 767646622
346623970 124368551 857021300 427122440 819541046 506427855 549376629 415143066
771453146 515838830 310765628 874697769 965868782 967118837 577771989 609696388
787912528 910631416 546451056 348325003 46528251 968888648 665820376 886035395
474267915 280034040 974786678 166901813 11138766 999286781 892900950 115529205
243431030 836374366 470008003 299258093 703754624 243358487 416312005 512433194
166531983 593565159 240167633 147606585 508047071 813877228 651141489 623926441
395218702 681820264 538195804 285357103 51878762 512441395 943845364 270826889
766117826 193420526 343665774 29697246 107425988 975758474 111798127 461975716
23041383 823160214 546087605 881208301 92640512 294016101 187028545 883039931
745406439 849158205 421650645 429907707 242853055 407006144 955687504 343893072
568371507 679805029 308387264 87649253 598321276 581337273 850842807 493770792
494932767 134485316 655831653 249408105 698113624 773169444 782676500 656204415
218554117 646761030 516554317 423200191 663904312 586164872 911257607 17966136
822244760 784999500 228420024 779548339 624144184 120721219 356039118 913476312
748224285 479507474 111888785 608867111 561124867 239838426 928891302 242087185
33020576 980880077 458805563 906959919 976946811 739702031 653124754 826488851
540108466 823594394 637458184 281761000 363953994 789712343 959445011 279037695
624042509 601925897 13412467 54614778 193969970 462163629 425074647 214768153
306514815 561403221 540476785 352629153 958600136 563013639 827290809 383367056
696344006 226610576 308072239 627647776 175091759 639394723 538423787 89951854
265234320 619184752 602156206 769321355 697290774 349190618 57866018 798497019
90074944 286397115 685739414 570346430 148114614 327177479 89647229 60033274
598667158 136494262 219801352 778136578 280830704 138337457 780069899 457677413
135712141 554852450 403723629 190178940 137771499 289872509 431653285 535282403
185954278 741362624 391810528 491961933 683848514 76307960 600875711 519676628
40532142 268312096 713906313 975707207 641390337 635731856 470632588 842141408
561818864 112976692 632825115 992692872 696377809 992854896 269884343 663293322
145527761 798719974 955703763 165758756 442635402 162286079 62641514 494112391
165289030 204805481 643114240 677588573 124436050 46061259 53668835 937764394
978762767 52704273 328671508 643047056 333794442 657588178 410264825 9070106
529523217 458759653 734913516 569079673 980753622 112122496 125412156 436863547
519319269 395661281 273365861 587637706 194619100 74783279 569728078 359022602
315848612 723867049 304160328 889557482 108020527 121844876 974488712 700482862
135488594 652744605 688883367 130526492 232412430 544196032 799771392 454742300
573334276 709909940 53202999 943917610 514482977 544802889 623882136 175535101
84224871 34603388 495803051 526908938 422096021 383875286 539883714 217040855
16089460 573097990 323501291 112111597 70140616 301083178 111289851 422350211
207237207 458673277 301499616 111201249 106424978 105398412 544063946 668989090
679768152 436183796 412254710 693990538 755534018 208899745 454588829 354613368
530232823 404042128 191287161 659260673 292984636 286364327 339065381 251093584
852795728 218168343 136206129 726870939 992157374 845013764 585636988 960669036
510135361 701310798 492089032 329334848 321001146 441857397 482242482 830724555
333828645 990541829 925000312 58052433 268537504 353197026 644784370 787929286
410603046 746374175 4333963 253970969 40479631 263327409 363491200 368190795
836649815 159946512 528512796 198878075 852129749 73376190 130112538 503712292
270239797 707704885 767294608 381527556 869089702 416687587 29895786 767041416
509032528 237226244 514273060 312229344 463577017 886641599 649536918 572574117
723343854 942665963 659812971 694187252 984530583 47976125 835317610 545150501
427801775 72538385 729807500 459927228 291369941 753998223 493954354 590764674
37904579 445308234 697449942 720026844 786615244 494631355 564720132 972345337
26714765 525319944 986895977 671106681 754249452 405417069 20635579 626115268
57181104 961840260 798519085 60670642 96427319 6430382 359410842 118595929
783943704 488366266 898417005 93847010 865635724 298902642 399634323 814897699
54630380 518020951 462027642 468329362 558927439 46863797 972709710 297160284
353750400 27354913 138479598 204672322 331656354 104926921 121518356 466197272
566593291 653461445 3942492 880072902 627819357 158692565 479251432 356989116
594935878 841124497 909683769 349853456 160309691 525299224 872754212 849979063
245917814 480222286 363357400 268314572 763114175 631810959 173205453 133261383
47549829 759529596 518348523 633498610 484026769 749260067 496801981 198258689
538686654 873246461 992264109 817771019 732772475 330559337 190059728 412183096
17842684 644785365 298380819 363836204 37538247 776766803 916396780 708635915
868845250 554447256 398878771 109991908 652413194 764998623 777375040 639231596
120585035 695328530 414804451 841277023 893008047 917100302 505634146 331069222
174079638 754252487 507345123 433474777 342841155 415745019 782013561 897250284
983426970 575501084 263489752 589928397 685521935 869522074 354651472 475167822
802930289 812272075 419089593 639330100 182706655 970105270 63005922 725415667
717691552 990780993 924198808 17699543 395676013 44691973 148514133 103160823
954714735 470983610 701849612 314249722 261568405 224227455 956033589 873830070
112153922 813061476 130472491 182275549 443819084 35308707 111688704 123044531
483159846 711043625 324260437 539252354 564560817 143653513 711733104 726071083
936503011 699498642 686677837 7951069 312674571 587864590 903763350 924867750
331310662 393485068 461693038 361635927 525953927 199136990 941569393 665949087
581700309 768125272 459193100 29822623 623183365 506595586 192314999 99411724
270158269 96482227 636660771 458535792 615327110 728338804 942686952 106129194
672779165 4017933 216265984 788522798 579201368 555977697 326699197 813296863
186326890 211621629 954904877 354824306 968550070 740652153 843629996 859821530
138449571 557195844 569376102 842918013 529864122 694911027 362883868 930602882
417868488 657075144 540447048 1729721 673918990 968533865 768221430 875214761
619173351 254783495 597406841 734458261 857455270 215836857 428576547 275108329
681340871 506478121 363731455 307161156 79733803 823845078 653449063 654755515
859726937 867035517 523323877 321549279 994581294 412905238 49111861 748234046
47172131 317974691 750149281 825383238 172857339 653908129 84860671 705063232
488934394 468666476 330896759 109178650 183366771 475176078 535720641 408803013
647353004 739889868 654090010 482657817 965859711 28521835 686101355 949956968
969159907 456195389 108020905 73962830 224027596 132866445 765617415 790566913
507941121 720969240 970712317 923687204 827699798 291550451 396942257 334923108
804578573 780901937 601399106 713116790 573567384 673946787 876428124 568738462
249115093 688777047 819514202 796450686 993931377 865181608 223212835 991550925
591408904 997693641 908142196 736957660 47726575 602790120 403686843 366447298
407984412 248168185 443781099 759294837 203080082 251575977 742638511 155264783
54462601 667739638 80171221 607315862 653413128 927916564 290141898 392835365
800777972 233237272 284576401 567445594 634766560 157688152 631841090 746948371
817189727 893313861 822392135 583811962 908422919 396478095 259292838 517926642
819866994 881750233 139274035 123730920 584031343 562620450 614834578 497360805
389509580 489840301 333166596 756219247 625800483 408998602 846471921 317710144
480552734 778753519 936539638 757146718 686765618 876076804 942615488 613092250
470354870 224839508 268151164 663151959 777719023 523792738 977493925 537344903
782309487 420751064 270451225 805297731 691933994 857763030 11470729 492615345
484090606 191985994 431026322 42030551 608337428 600902693 831003737 312765987
215992301 820113516 183462288 594298834 668744510 885601436 793249800 184996718
682894486 977559260 172479146 110780644 760658766 308314378 820628713 506971030
548385387 167379498 702112813 420503914 753916234 53544347 230042991 737052043
831533836 347248604 652674760 450501107 947285420 681962111 271030106 390741569
778247182 512759324 854165576 340759782 783844325 47765302 996810203 979282997
484193506 354436124 872550052 544801347 489793268 377692169 760434355 616197828
612112937 495765134 818504538 860919697 243202890 840959182 94889663 811424916
147126072 130522197 974657728 100407001 536849335 230896022 351385876 766961772
242488759 473926431 369844122 495378943 666936710 6074001 396759811 834414706
92833865 916141257 879095497 265538204 180332271 144209159 56638767 292436143
721472541 906190822 270640457 144716604 329797769 739391431 760257228 554348734
320424254 278644766 262116661 374648128 153112260 820545543 394423010 821018992
924516541 748179258 244406400 935448265 307465046 202784548 336648285 707749978
334489104 100272117 575539750 427690982 557824671 907177390 855707645 143533394
571205894 852072249 788836985 333688386 732359196 297410593 124836350 373226578
67924710 646285842 80695288 267667513 512209398 265129888 538239776 235916098
997764730 375180476 422151412 842433240 109814196 393583607 190018803 297898163
545377218 599125752 196693295 509288156 674780862 133039793 649696116 483233924
253397559 114130722 542835047 547853677 640745569 215799735 345114273 121858846
898271240 739687278 803397754 878965954 215206787 737272433 553801176 275788392
244773920 15063256 965311769 786935598 830444402 766360209 470066609 601251327
50028808 82253914 36560335 584310486 175404889 986634967 763869766 30415733
364381304 561949574 70360830 202576101 713578795 300271587 642478440 516359207
259453199 843460252 684181264 37388072 629277474 751783389 488670537 38249748
589768846 84042739 161460451 270915764 341704176 481239477 116671545 868791394
17516481 51743848 203344791 423630294 913133311 48773706 645717235 170107381
191095241 254505063 232486569 777100712 101869637 725296578 824993109 585829086
261628125 319884068 469893465 404205938 277799793 3357090 84288570 357888246
282881706 749113247 854322750 958864845 360909359 78858213 736318048 755541440
251718755 923094092 954719761 240455051 971314154 19058351 90172270 523654359
892080820 53543895 617870460 103422185 394383500 839332471 854784443 425129016
188086844 214275624 773161193 937148094 457564031 412405683 905980935 612704532
854993058 863730522 84627756 895245521 258585212 605956832 194248283 929114394
16983351 385556127 522611753 861955840 186190586 625503718 998272770 679229866
143047530 530816119 663794445 303382633 2546176 948279053 543144616 573844058
74151770 938422637 32204850 206429436 396271317 256946022 724614208 981288277
671282818 234917964 946804148 796325744 774147843 216753395 302440524 113189137
880594785 43718705 352983572 280606318 205814452 695631269 768421212 467137926
81098872 329975096 50762604 217268813 808201243 390425368 963374567 642556457
314787972 719647536 455700642 503533465 662084720 607716994 436621513 364178032
317377894 912324645 866915367 137607617 127873699 378827186 110506028 132503238
61517148 331096573 885462198 295416801 703907312 85478716 392792184 28992035
100376460 617855220 380273993 457941557 434716282 296293390 956323575 380385471
130127420 341111710 739062854 592188557 78218010 703061625 584082491 161146748
422090308 175335455 250903437 92930683 572013318 743263885 924247687 230041511
583076899 445348223 914708711 270420001 487846117 759484916 227771846 715362791
572617187 569125438 907627660 143752397 992790023 757244552 533737419 229847843
519799024 994125107 237591180 731136675 550305478 672012686 215542896 64710438
352523059 303351149 781111193 661232096 423993954 263242188 177208855 49827131
108487781 489060414 521069221 130583643 931598729 391314707 253882108 756153969
772305023 946435612 623354894 17861722 180128570 573282287 272668586 394271334
330794656 512175440 416421294 295559161 781441840 319165707 640754779 968588422
478254837 147581685 409749648 968916057 754962228 799294530 563543986 879021630
75555201 512060924 751571973 757674231 709531908 513625683 999198709 31856075
228528958 631269639 294279836 935497178 180698868 3636616 457630983 766211864
376344160 135091961 90183174 719665891 755337309 152775179 289526604 290845753
439502332 381365667 854849697 191305517 784152726 912447140 785410767 122555802
801459580 762421374 23235684 439706216 189638324 535925749 643766521 986292539
808306914 38572219 312923740 580708632 876572182 340495284 961781147 675105732
539929610 65336322 103411759 736810629 735048392 29757798 151079024 619181145
159702455 136333144 204416573 555509668 32317370 890588321 314088501 713055438
8706611 337461721 428923770 371471302 366379648 695943967 142157058 120003213
206343672 648516630 666457681 977251618 132147190 882705892 999936109 467742389
973742640 729549207 405219234 247270992 496682241 351641384 532389597 779577890
627965582 717772687 467662864 269159978 200430408 347934884 843736062 153653075
822765503 578836452 151791254 800290426 775541599 293260681 28739596 388979077
824539394 548490262 156010794 897201152 116939095 947609092 591866210 54716834
340242067 542266105 259006558 818400759 263398148 613586343 139748854 279900733
436355342 591341878 580910382 471292395 269773562 834837811 565980163 901237330
18974197 656724811 262023323 182608103 889240388 456957352 492196715 996234972
569485548 337643482 967923602 466310512 673055190 23660856 983681967 256571582
698862447 888407270 212588477 491900063 719397680 855317021 912592217 934967197
531825965 286213818 660110556 358718908 427025246 744387312 343047387 305680974
111182559 325449843 456153734 118690403 449504244 994411043 541496051 615713838
312821611 432595025 810525458 677568740 827595144 855563759 526033839 903932695
920830951 858383317 644359836 618350728 175265163 279176469 116942672 677957333
941260508 712237128 679553662 185625189 53342260 994405216 551427620 811115461
565621240 910468611 987938818 589587119 619840608 77703478 744097660 855588075
760954814 448283069 505565397 138531624 999058217 806025257 19598711 30600915
207945676 149660511 115246394 462078428 555683640 209245837 505808284 450722762
221474080 417765899 819759713 377156803 568650718 660062921 316147567 777556228
719324256 218285311 476364727 298147694 274487895 787579592 160480337 836335958
886368457 710214299 73854968 164006339 694592391 702770724 324919374 369519321
789478771 337486438 260195969 288965723 882729625 525528340 258526361 892532946
975765784 361789566 835050107 626640023 562683570 455831586 188156792 199840621
701356892 352999002 109350121 415761447 567474565 964311404 446140841 922157801
510542339 600923651 261419578 44288037 361777879 188704769 913047384 957456281
957218633 673307977 530266435 708714457 465003406 418525772 676332481 897819636
636573719 975669306 388714345 567305065 215560312 706283210 391634098 23470526
723606277 14513881 942537630 764254626 916687119 695266160 460530063 645998708
