202033356 185334101 325879133 208594028 779344810 659562455 335662467 667345511
198412992 172789326 291003625 18211092 20373380 971793300 15389637 380181657
995049106 130604629 133523169 353731042 212857304 607480621 438942716 250646833
563612460 49217719 610496526 639447841 912628506 853596556 530498006 376687935
487782848 548090213 77849450 152515829 946408918 672802690 538156545 930141836
156997704 250416329 648801488 737984801 787313050 125078070 610551821 604810868
185206782 700876037 126504299 329183603 894199809 228614233 264525078 421688525
625049798 132213177 73404193 916400243 28034039 453490672 950899702 464918742
192015892 976851257 268368717 382103100 442612219 553807710 913796909 377124255
828486709 551893459 305450897 7212655 108700051 526241143 864877508 240149352
410724305 764449097 76478679 725195889 966625312 70671906 641870480 121323227
506485232 173297533 419591588 878783424 261364316 852439766 416312668 573094046
549777101 355873655 217394143 186362413 639641205 883855719 296569893 702526022
191372840 95819797 323724901 707310947 302277609 190255526 771059890 457055296
217997450 972833930 601865017 776134377 480395330 104757746 134125585 391913797
406245630 520548231 658605967 67341879 402228429 211089122 354159098 109784416
476595708 508043134 24467334 579286129 230385622 706546839 904812966 455089493
756330965 641505663 5438099 102187988 419451510 699146180 372658915 110398187
811780631 259176138 163912060 602177416 422253405 387140708 494361805 579036469
674773226 919793341 836745824 681926214 25074801 689227165 615715699 537172094
286884168 819781733 69590190 9225163 290682259 974633442 856417252 932766771
655236771 330000726 359305367 335733597 861257387 850237644 383777542 354096322
40562732 212745272 625641890 864580704 641201423 897858922 579397166 563071203
16995796 945709505 350084045 511825904 232213679 990585239 159082167 622622086
183494254 841412686 367945985 332100515 16488064 699541394 933964397 343065861
921338798 251925599 768787113 360841894 574224683 118185624 622583331 197587425
239339010 979386681 539328247 877513839 671740883 515113930 372743266 792573603
43585454 904923246 173857111 696501342 293663830 227092534 345657729 430767484
320791498 200006433 217934730 524989551 768005238 252777108 139780072 908679125
367215814 186563261 156933313 390202774 455987530 277038229 71503063 210784034
597184322 864589210 999066963 643730887 424147830 91315672 373184384 220821554
488248223 185470509 563402131 32407949 421368110 449105632 588813147 166390383
827692272 204090378 706271649 24645335 179866405 784739260 648493588 877806226
76769067 735362038 760698341 954385603 138229895 28355762 199766470 277119544
769140827 454769988 166826760 442880223 456756007 631535679 974523095 143799702
305610086 424605285 232047033 265254882 829811443 107060555 920226451 919998872
1830614 531999022 986576699 970861196 252221835 782373645 258116511 548903191
457183708 263414096 58688433 654075675 617877342 463213981 157452444 735953118
75774820 343782164 323380739 794766356 938793612 932000980 97826739 315800425
619630683 103684963 750430164 315475975 251412448 25486782 631633130 87455492
253798637 8672779 182559409 695189870 723101688 269262104 570509003 488497354
420811076 421308034 471753001 642637057 191020515 781754176 646036633 999834585
733566893 65808600 6908333 53180070 213746307 570148387 934160622 922814482
526381060 209241619 6062428 4947777 910129878 508721222 357036566 917812213
281237148 556103838 245875536 58401043 674959235 319589439 813652304 76558411
74980040 436770161 484752494 54145631 33884858 173764156 938186026 643702426
332828273 17740340 715470170 311755206 610061468 869937967 118483364 519453053
104144463 293978890 904804309 387038021 284965245 685113235 818976359 789924288
576392377 46506455 16266342 434677353 244292448 789502733 118584630 955239580
178785415 643229645 467605501 994932320 537286117 117714004 18528071 993212055
221547594 402554786 365185892 993391081 383852221 236771146 727290327 485603137
19169828 535200086 937311633 36649372 397973746 844308359 902446717 448318202
910042882 295418794 134149910 393215100 182026154 646896724 303702873 587345906
419749334 985135423 632351090 352386101 835203351 546437854 849474548 290971160
59674926 545248406 671744373 487106306 316997498 209715387 162694313 48247129
546688645 719486492 376089262 549395851 796873667 854639547 280314069 926499490
200680170 938365551 596206301 231256955 107697463 745637929 620003781 954793003
592028406 86232641 171036407 723239020 221098785 326621162 495473655 396708761
336653196 392073703 183050376 946496626 294046505 163879539 922659276 567010206
855985278 227749376 222221546 317770969 636765259 966285884 874129570 556950355
211024776 176577661 400720946 119438033 111150574 14004066 664920120 559827283
336040888 739857230 440681308 789029707 849129244 290724286 420621109 689941403
943510668 946739709 94774062 577228032 667686062 157171474 36850867 661925765
418022056 242393652 914143952 914119670 108303519 988007857 212129847 912165405
270147191 238833240 49771127 884944322 726432811 804061708 547572100 102135245
417663324 633076664 180088201 163477724 696442937 881599965 311675345 809073946
978956360 905899628 653490822 143746584 653229817 453387650 825737015 214780020
713756878 219846395 538858525 825228226 459228600 954817768 13217489 69258635
925392006 841715461 255484848 330300308 689044045 150235160 545130377 804304840
85231495 785155959 577161444 65772973 735186293 925909345 339133355 64195495
985372843 148479789 886436823 789751459 792216729 256715632 117774117 393839208
954994744 114224039 304900919 586396404 544915308 331156061 44796970 497808479
331792044 920618634 660935350 377586082 625669540 145374149 841993109 822849189
812222104 770349587 535925663 847609242 186223772 386269517 878366627 572004886
625065775 255978464 331170926 308930280 61058260 416735541 538885896 356554844
392019494 910160562 613298937 76249423 850084002 279305201 545948050 19732194
936718103 861416516 369566274 665687642 931171176 168957926 629993180 724233889
429751941 288506014 61392923 18055341 749855501 620698795 125306113 554276459
807828275 233298734 17263464 419827596 663441624 152225856 796593348 95525754
472514551 230920535 183767954 174039440 266930708 966275537 409108596 853647169
883267323 202719440 845660308 163877934 363726088 556241844 319158175 604116508
49592664 260218851 231895874 238199421 304280793 629708334 835041088 123590300
503037169 620409196 780534360 878394166 986254781 116909029 731973160 635401967
549745545 513695419 478720374 644099678 946556620 459451310 163507989 161995387
756293432 399309959 859324982 556448773 429859393 693955379 330031289 477423715
33097025 489385780 146989341 594855604 243187126 790186992 759381264 372086818
239592621 63887777 455607807 753893174 109805069 988481775 723948267 371400204
551878912 885762704 965616451 300469283 620606110 517507537 739999392 623054255
908124350 70000499 367072947 892915237 552648604 403678700 632130860 225385470
840130653 139641761 391779996 489960196 14977580 524167972 698042584 66391440
760362827 550732190 373016930 615642377 86087785 555096022 230481343 705279254
423946150 72218896 174843238 589176008 239006224 126632458 320074881 317253438
807847549 505214567 950464338 866017193 195593656 81476813 76241766 113045787
221322881 98863590 987175460 776136915 235064429 645888172 151858122 278681226
84917807 599292770 814268600 767339754 662969179 260268334 193353634 254292355
58838330 974732607 111871420 184861139 767729564 481897488 195526808 362937270
695671401 858367364 956919159 472684176 469464746 719615333 566946307 19531678
688087898 365473246 617465224 362710350 625410478 877947151 985721365 314495098
821968695 644286751 29910066 605841119 579414707 394284779 959634422 628036740
393510601 713235307 710569180 289818355 723848163 508038544 618988195 896477805
196246340 769667240 992686442 913662555 445782060 526795501 145282830 102503363
216776949 483132824 469160707 961576461 961813692 339154927 983876501 456373354
472807177 910088109 13031704 724733304 458589285 999475616 148265890 539732463
869196068 78646754 964656109 469276132 189982569 55401079 114377544 37647092
790365633 545194149 77786076 320823284 406276720 494075848 333674110 781926743
456275877 837609289 432532455 961070304 867259123 992406162 899946572 913203591
173530608 688658624 629291172 111145374 995362437 976860053 91488596 185528842
824296754 200266652 37356911 133883963 601444113 887485868 174328515 609985714
282861512 70497070 140835979 813995996 622760730 204634348 374499218 412700858
493746375 840990921 368835966 71263588 663902765 957899729 358590257 69363358
161360198 737432195 732013159 409301732 528602239 893872788 65439590 406878100
857735049 180491774 147054927 809062004 461365253 826858581 248719405 960283065
6566372 291413716 76980559 220021723 845663521 722419561 947049865 644019256
881089005 252148646 387006546 955128529 493962896 828617498 482302046 308110072
700018774 249680765 689351231 37611332 173109759 575577418 146093111 926930499
60236696 819335275 839705241 954849107 650268901 204354293 370700200 85682593
927677552 884346848 649299756 513698054 596960310 152161542 178912114 294133855
467467625 227466010 213114323 314604067 204415601 963922801 226547293 628633272
379557833 115773579 832323363 187935652 142619692 199369862 523989342 281870264
54109720 313545729 994030320 50790162 407525722 496431336 565679956 721437624
215227561 748927388 605788978 648528149 237476398 215263259 947640443 207849660
310842932 503173939 535175573 521416440 898629468 289326657 25026549 116452454
890307648 695832024 516092667 742463914 783886863 842839568 507421106 490344071
248249747 112961888 531111359 556641801 549087126 746987328 622153609 758339625
943162041 173165192 719922214 974651682 403526273 246160810 293444488 498189973
60760308 133142368 983416665 12660615 167590643 842488382 465838442 729080104
381922038 935309753 374603595 309343470 544331843 133861770 422147001 573540475
819525887 134580651 863981727 364294169 734873370 325755274 759156378 231756413
666775410 184045390 261538060 3549882 825666030 439724456 597037227 126802724
535838576 635511034 503999145 826744862 71821394 636966388 333199573 355391147
386722407 732107698 399237131 34969748 604581769 447303033 777034258 511170501
736575961 535513934 369274159 149036492 788861317 80024805 474563437 484617311
403427590 947772757 129826503 271837886 78973445 118754289 813369904 967350018
659979322 738133859 157883344 485714272 408863889 917252337 283750209 165728085
820436244 765655215 185258203 985444447 924302927 400957155 815615830 976070731
641713635 791358378 302883638 382437287 749129995 168748951 24864171 544036817
885152657 68236169 358168619 810321700 547086072 739791387 973765905 860117118
355536902 794775837 69012309 524574522 841925130 397580722 332955712 343937498
327173354 979639546 122907844 288901902 716364032 371360985 662448809 590096606
482626069 658572324 251379782 716965192 946278789 276547156 512210635 164824652
732548922 230109353 161750044 36138717 103479006 331185016 858035979 522257287
265922913 350231186 652788966 163975616 2588892 943096414 967341979 696351732
686993555 664024518 348125670 9062803 865910522 213432479 493255576 132043457
793323166 851416863 178578291 854462592 510432661 110397865 303932267 900633440
398281746 437331925 937381488 214269027 383079015 600770736 189172969 948389228
704599943 936013094 267918266 548988198 168304003 750917566 205118308 22779141
93266734 286299298 388560265 628294041 847368669 274318890 234959156 15413698
157786762 489710009 899840821 739383580 328611248 219571108 898171242 41730639
688097636 855472451 555133508 67569971 148904613 71327058 941004811 975197948
616927505 43285036 877502021 86138164 906000932 121778590 785699319 580333252
778845896 504215029 185585609 656966093 790522448 846244273 423516134 780568722
690524343 722228605 811555866 789467349 58154811 999268117 332573375 225948262
710605684 142958108 181163854 493921312 255482602 567249962 224858511 212354549
250255221 433333284 472802176 14844266 540890389 94305159 597217310 712013415
953866865 723539545 397570043 161858573 723227152 780858724 689193822 990277836
799116597 552625216 652972071 273755466 567524738 845395509 870855483 425577090
325388787 606393575 333263880 202052743 317849918 251912755 568291967 126698571
251769231 981127197 384781541 536887114 163310956 266727762 731480494 259477979
682024011 563248822 651450519 751419596 492056398 239878623 465884246 79271712
991515992 722815361 982882973 685597317 319824203 273981210 531265543 159627618
673720857 29306324 524958595 310331109 650000022 147019094 46278820 87322571
801442963 112371319 634311200 400793983 758338100 323964050 762419039 192143258
770670072 495604017 858884714 515784053 266668084 53810311 171545168 11357087
427017320 268411244 739193415 142708079 399286129 354346873 804599200 550238013
141085439 854574329 278833131 887110280 230668967 552700126 153277941 51375484
621705178 612002793 730832336 185748079 729440215 646905478 62041126 620334169
289649061 565533237 196634000 552750756 595359340 110971688 530770005 538826212
726067117 319137911 315389052 535549424 326489275 901500065 325127648 282266770
403371086 671806561 731168607 160056989 591530147 342435705 547850820 294571240
989307862 882565568 149399051 718043445 605811209 14731483 718354261 981668275
976671557 778540809 395852337 991515711 206421389 236351912 769408936 887407856
690399866 867069637 898110803 133813336 154846099 642153441 378071656 600456695
603000080 343859517 753434446 230760005 629466510 216968700 300998847 293625592
92800803 272407336 631552707 857651398 632237050 125434869 695995251 941404262
923258165 571754344 674007426 286125828 426591290 435891872 608462238 445755040
814700706 914252423 861010172 939534795 222039949 16455846 948741688 671113192
774880209 849798732 234524301 170259155 830704554 148761369 153588314 449286491
250230314 632835395 344464317 311967070 429380339 258087817 861909467 694486618
969290972 83375366 87717972 558763676 364298288 67086630 254499007 53280625
46594069 631839735 385462332 34638882 436826145 660095386 524836516 440111374
548849021 651187726 919418352 687507198 196952942 673396520 656199818 903394848
427597214 994789486 469626771 897353852 738669537 869035615 197879930 308723846
250719229 226556026 966740016 502469782 839695144 847961215 767146692 641680950
505494589 300678268 15811890 680603123 283404732 499040248 913066246 573777296
553064060 481917178 105344091 438875266 737955837 727190893 369369114 630990811
536803560 915853422 161570 709751586 245266099 519358618 461659760 87853307
265214618 854150798 707663591 215167782 602152482 642832787 554189879 978118134
641979902 485654483 312069229 37400809 10505131 668150204 444074668 856587707
256232739 376048231 335494116 71543598 89322761 632000080 897738124 349525147
682231869 527427821 725037910 56898441 745784647 151391248 441366287 361658690
611472896 144392278 320676508 620233741 226950102 82783531 821856737 95550253
216591774 984828617 562357683 533684059 496876052 357460179 269784820 27569571
629404078 586438420 109047518 241256735 661975176 636064071 112646714 775786157
600900973 398890075 24852714 77072457 55756704 893253760 644347684 344511712
230646308 658599419 356924910 994683932 941172479 243309406 46143637 233778491
644188977 353831685 87022950 202248096 404155520 191724059 786424591 334277864
947137861 299462997 463153847 403618251 962420575 660404401 168354096 245745503
488928212 190867402 192705726 477076829 473564174 374498319 707743275 900427586
567218543 312882684 157329433 940082852 502788215 151979375 569135916 87729750
980795183 553896541 827443516 623626964 734927671 814463373 433302708 847172470
999171495 952290480 82073890 608237533 611195325 940569233 889979508 712774154
203500793 499609366 430588047 699188074 757218717 635202801 752626847 743766769
990063111 69665276 371665603 461713123 199335868 871010774 550799929 550370619
991901962 671989507 993858454 711724938 159875976 134972089 258155519 74982103
196668101 221334591 760608 313097184 649207780 497313992 827752755 108068385
7576360 108215481 885646429 134627900 715175807 824905584 472062157 403202559
199435759 32717663 151438688 614622899 406145372 138131911 977692208 974056599
785736166 792918312 920125679 418080602 228735795 335059485 692440353 867060115
249557707 634652707 298329451 733944531 135624339 911855578 390467391 427655214
834434656 423146261 191883341 236185237 981525558 839969527 345774452 938496434
194195816 720627181 117014150 848174630 226342687 743203919 47678621 849935416
272873624 211489133 415038942 988630749 483744529 876745537 417230123 776132601
559777857 524597636 147087233 785454364 264248031 36400887 986624575 360424871
580707168 68443744 9483111 959316569 410158232 361984821 374572500 281960056
679655059 57850423 963238071 23189338 502191478 299642017 168579479 685639505
620256398 638431742 162772452 151745742 875593983 665812704 745830032 788454579
49426954 964371316 987883909 805528617 907372831 216080285 6102027 128255582
288304047 976842272 840815819 39610739 713407684 153891261 373565413 548528148
384082334 26287434 79844178 887375537 219433350 57244333 331625614 561654125
607240996 965001230 221185018 437412351 284149472 241486583 323302279 675367890
185207386 336305454 438904251 604232727 540162681 798286433 557404388 31059094
781084076 748665897 260658394 222175531 755811512 189752469 368418721 484131114
574606996 437791280 383260676 608489680 175642914 104808595 161012648 174424486
26115477 298648057 622347391 823818028 301858812 163861261 624661891 488608366
69730757 636083050 316005229 308005669 396154828 285784299 366963137 900684078
776991640 127150517 936218455 823958208 758808237 773936089 202539749 202589536
105040740 719002735 61199923 893993322 257950007 529266878 940861331 657373109
41096761 401481771 744452357 951506706 244755252 574666383 247247899 700779069
591403881 265317915 468786209 111314042 601818923 196620150 448236503 994059703
478311754 70435718 542491551 875509566 350905509 292656528 27896647 93350549
427312907 774144227 300911549 536245367 546185835 865142849 166258395 198330953
960255311 652976635 706205452 257600798 197603689 193634504 260683252 568618671
252641706 112450156 667797643 629427329 107367111 547785784 810040330 920213203
407247848 699876294 241450925 599212385 860854224 264321337 505341955 917921891
531709546 290643185 485625549 131593141 483068343 346671351 58089421 474870379
955972492 826880548 900725505 886214632 567322225 614267266 440710243 129576257
567878814 806389608 899603565 32148741 419576657 687367285 674274015 343794696
689443373 832402344 48143824 710693736 829528971 42225084 420923310 142012168
201843499 894700595 447678122 555780613 329060999 991199298 909072519 247578852
131621903 405758245 935528150 875522295 691516479 547664634 38000329 341224600
404243440 17905758 730902956 411178707 6488356 58483450 188393029 795762427
614256872 287364329 64915299 195648195 908829371 426318576 377874965 547339880
700504291 721911697 139897860 220666725 287190077 169550976 555677403 159967764
998986745 696862453 9360833 930842920 133176247 896403221 198377215 261450023
978123592 948245978 378276213 194238672 263190557 769056390 346206518 96213391
25139652 913926373 199699700 103987019 908588251 879896958 955335392 503411970
943280505 218291554 191065279 71273626 188519623 979187398 890724032 784568620
947541273 840386506 402752626 740158929 839761686 278845946 956827373 56042182
662058939 240430606 715955139 70491972 888964375 270985490 103788623 216111376
368287412 525195891 875842043 233195572 976620672 662655885 2134764 448837089
936682626 173517198 844448661 799571984 599231128 288024849 553583215 936471920
767892739 777854308 9872678 926706310 789641039 760220595 526877909 190319938
488109916 53933196 5896376 78086465 150866015 113437431 111871409 32315050
614618402 907660617 80873921 477421400 177843965 237423618 614488064 520203838
611129170 88065564 512756595 486986249 791939343 563436103 386797773 151402509
491506271 368862849 93240283 210408905 400054821 675120309 246645081 201754907
265321013 343390199 17224673 908039580 777070788 914235673 268667616 120668756
212984863 58180837 87028195 732103160 622644937 69617311 884483668 765888533
146692375 497122318 189896007 608249117 621857875 737055859 964000096 660360659
905042371 633535044 490343460 842444517 165493212 801222209 938624844 676305560
909120614 44344375 149534534 656436285 663613442 785500637 15181539 556238896
453214343 75160650 190838252 87536535 32658896 703948522 905099815 238068186
899067763 210382731 642658436 203801908 495963642 389257344 192319114 619868384
64859798 551175438 471503240 994074747 46461196 180946480 216276709 923804418
158463405 749247326 151782006 650094264 3698948 984182298 506063302 410229562
924133369 116398346 831281608 269054221 972218675 741264913 614875707 970561761
920643060 143678515 502996676 930901494 261251529 105891910 295663860 616261506
543461958 653765509 294172127 167763182 410824766 754073441 423621734 55347648
485223028 108031333 601617486 248160912 407669425 623069378 318220710 492567771
47058881 562179524 664489967 122127871 714450773 564388043 10229817 754879819
462760463 159563839 918806362 323761537 570136521 434036715 984580818 750724958
72504658 599007085 847263754 332135041 679134133 829585871 414532037 245804841
52425367 311546073 710773572 895570632 821095490 975036260 701553896 636545421
627710629 875923087 878460430 401313352 357981169 287032648 518002834 300234570
961160085 802770326 714135386 313273769 296549895 264733195 511354899 579051005
838434140 805481015 845029180 384052976 576776416 219894462 554289116 138584760
950981965 170740584 793262197 991860112 268332979 62047537 498888189 978640469
537661643 970334657 64037045 57995196 191168552 763992258 934532571 211072937
706710989 941591666 201092587 181135965 198576519 146621393 330941561 744461323
511151236 707415799 660659190 3237879 946232141 84356803 795549527 967457316
535365674 259818324 441102536 419976050 265596552 413807031 917508452 5237887
651938637 544690043 89594347 99001270 500030886 110555933 143690838 53612770
961775447 393928071 458650175 711268060 125252244 852500569 551686071 965512202
80593288 708673848 685427208 377935193 205994108 545277007 862706960 330263698
626304265 333527326 571896341 393878142 293665344 362692728 200445851 106531875
412944698 994366752 467237403 344170878 940650275 697963198 124602574 806244342
681121597 868620354 173691760 554985119 254066412 580124804 990936955 878816606
192546934 437296265 254726447 613800292 682252337 263868739 940211516 269631938
939376415 745067821 787017628 614071636 56957135 245981997 680401021 70652873
922135405 222653354 825790822 256393788 991799345 182987341 572485144 632039196
392636723 483798864 811782849 891518407 597082114 820177058 127189160 609208250
972873152 39331760 222506462 102813103 690526416 247556838 239271921 998188110
906597461 173646168 260388568 532833360 144219325 710385966 259760355 418801938
569774071 663515387 583525752 66764847 783764509 615330510 774220014 484052222
397083958 768082977 239387988 214879883 57789807 134553474 652218211 212099255
174677666 840769595 174333276 42987339 7973575 500015305 746375108 582196134
178882771 253522293 504149119 330773284 557219253 737879616 615982267 592699022
245867134 671740175 240615855 766464819 151793116 411178272 78249510 929238950
798674172 219909483 863751077 81358803 130215102 602710258 111909264 296797500
446235211 612274035 608612851 224680533 767992180 24188771 850287132 607917039
682504823 703498389 385688050 929907445 27844193 93693008 593430304 252931159
221053184 440366766 743276119 414445992 327752278 238268647 914246713 557698577
938185909 521282792 96493459 253924516 125327809 531687049 843129282 264105677
33480763 224477738 223305396 263380281 456061145 828081799 508309311 534123155
778955526 241688201 532614823 359610502 49872091 89827255 63306003 638125343
256212223 364855731 518001878 833285577 314768630 861374566 171302005 416386201
723753008 729655476 796764871 524239272 113795308 944866209 8357323 229306812
72822693 457028172 509665997 562700743 542352743 368262305 114560960 550220714
42628319 969822952 372677251 54258458 156096173 96858046 289852663 914134300
827381666 33541830 932003262 239757510 848771823 393244332 688143633 929218609
80866702 854132660 191201795 641669365 606996974 624175062 760764028 147778194
92522049 725716550 660732947 473237830 209497144 603496653 35205476 160331188
851313749 731912446 153884414 534767242 559631477 110389545 826542101 874349409
216597893 726177587 504307440 752309234 193852608 274784652 261108311 778660404
723092625 890070325 129516204 688048000 976682750 136895336 461767429 573391446
468046870 696246671 267367995 728321555 759246675 481147415 261472160 556475777
970253982 841688841 245035308 415739020 54101001 821355375 782486592 765628046
902346990 685690707 914172203 779075967 421366780 218054639 174547130 587137636
913059517 452130802 924733695 52087287 236842126 47613125 357421402 446714240
33442823 349155849 676181418 586441943 64828081 535261667 94450729 577963742
214825957 883922875 344480190 141813118 7868582 365472219 75415806 192266936
815736187 438388004 76902961 182066434 676603110 688852550 117335405 588793902
72143274 36854787 241846130 934059662 316298690 895678909 713200552 50147405
914023918 485667291 713632849 897077439 574993617 319550111 413016690 623438966
969714 552498880 605880108 143372926 17569771 110909517 271292638 963774463
28275136 209313990 406764683 986815616 740338562 976413316 368165657 178942173
564583866 524490831 605984360 450801177 21465041 760852624 702640229 55320182
707778051 721220724 388678204 712223452 874906749 394594547 443294684 169069844
756305945 157006591 133388502 592147826 11108801 581965912 128520880 535079526
182939468 160873464 574990112 13527702 259695387 19851924 158284087 891518380
35413213 411573108 760777724 368231010 606801487 257482730 506321383 517135390
75168778 223068049 992408260 854532587 690552546 680174564 13971205 836960274
443984015 278688644 974093510 907282055 818869000 158660462 20542961 783235938
122938397 128466711 531631289 919427743 9203065 272332716 521140327 584023339
872142049 367479540 668452417 408008813 248206377 756530102 152628517 404978330
298386516 492897539 854024173 239397224 426006275 2995862 514544939 241406285
622296357 327990866 676759387 164158995 418494604 108486147 267453751 397973904
4705612 597364596 170447594 467265544 630683697 741830576 271834632 430177720
235213501 387528942 730885755 108391736 863766427 460791771 568291971 129005514
422423958 207106138 791797781 620726373 211187372 139517675 931160760 695533172
283911669 293053648 61016496 380784769 323635782 146437665 243047332 934308260
772107175 28420403 402955467 528660406 844919814 753224808 629836739 127723065
615953218 301455493 605918756 338830870 128217719 312458232 522057504 340172524
167806547 923142724 936185532 381814831 85494330 585872306 717374267 201094861
789454837 584134759 753942511 236834032 273639917 219551006 889510812 528803619
579673880 980290848 878566631 966213229 725898691 748340022 661700569 914748246
404963276 629005853 333903931 368143523 346491857 369072516 20381764 939115167
470514246 250860261 655696109 430870908 768697959 142470197 48126612 832192515
551384372 316966773 207810383 430545204 280571598 864779414 368164619 337274537
284166421 429713095 765884494 184962993 745181592 344059077 67593361 784224410
802814048 167296050 982368881 409331588 447036240 221349341 605069512 481904794
4755606 80635978 820952212 905182788 381704533 970892864 206763729 761620649
357676713 826443725 505258855 364434181 40524565 934474770 711759613 840023764
226779174 212986288 859702006 611394055 356791005 703498748 638826811 702048169
543903265 508688384 334849963 526891036 392746008 228128253 393194192 110069422
446953379 686842928 756267426 981370573 508911264 223418490 423260660 602007534
444331316 946937289 563106078 618377932 20869143 413465339 560499255 181071955
841874994 750365781 80777308 228616224 111337059 262478181 128458512 46480410
70946920 132859732 573516996 540149365 777827534 832789286 385805220 576792579
433569791 947165484 291106360 939258440 735052954 824930555 107644006 195163819
60648099 669859190 8752951 243051004 335245975 185634556 339491595 261804426
517403074 477545244 332272915 712291123 43937203 990262054 49546221 577432671
440785300 132860593 911867500 74264158 302498522 33889944 285540950 70425164
757415677 989902292 705454916 484031618 129569883 201010888 900940942 300160033
797896281 86063602 451597555 456477582 271172798 916234292 929709557 743162569
831746951 399295304 253873639 496843974 636354343 310835465 957347616 143388491
723310793 258712696 592869129 538175027 516077290 508166888 15938652 215520063
34910677 170053119 21550385 939183836 828156489 193199301 307785027 25976856
781893071 762348678 423717635 565754500 275558226 372004828 215322908 902644825
122476364 878824652 278427741 345185662 558825508 108650609 411312561 414045073
601573533 343204538 819194942 71489115 525257166 372672749 127866167 9031013
876517111 876671144 963553867 405226362 425291996 446098239 280424663 846385922
837803747 121087084 600484344 782524768 467927899 126348332 94633252 735291656
913360071 905819577 890662219 406244659 201819809 105524256 456107802 602102811
863499248 287697455 211814613 768957781 834367003 256688340 41997232 761914292
368318066 917700482 542860989 69305892 364875722 159631230 339154271 169496378
820967422 816799759 39035738 925072863 955591448 410366080 930838035 707247746
682028185 256522690 842580562 228584089 768242184 187439919 872331060 195416700
520149551 285896056 72757529 399761087 402870856 886720778 498462073 809647080
631370799 591373787 518111129 607534860 356530604 556564759 136501582 997505916
435052922 168972201 642601974 302863856 935633312 739537129 722876515 997508901
704015682 577375985 976572678 135800038 143477233 604209004 374789641 181708047
117878491 346367011 854631129 869793457 480600632 39102443 671350712 899674718
786239076 198581149 66742473 209308653 615186785 272777865 227582315 891680136
590499178 534752637 737306515 555981910 59368033 43905301 654828280 189758164
322696661 406979002 453035937 267486863 75182465 969577478 355247107 416318155
972139578 976158485 420097247 43232456 28867648 622976218 282651708 547243576
131763254 140263453 249025450 752577513 227919911 786190740 630701505 986400559
261483191 472376616 813740122 504315942 795583513 546353118 319954505 781632102
642762542 625173706 704286753 8410473 86964254 335943676 389330854 807620697
8867620 162726385 866856289 827323537 341961638 275530673 460168428 219556270
998490179 309251874 173719375 508711624 10706916 777798913 816295868 784342377
711620396 513922784 296277149 484793692 209284487 537238536 856273871 92620255
912106324 601286779 579377822 571269836 412665788 92360581 679012495 960895483
437536416 289230092 242556437 50669780 699578640 33235476 399166268 444947899
3567266 478850490 324069145 438206285 926995217 230607361 939528887 235661502
982687199 230107021 192630695 724538704 869337966 244214504 547023271 954391732
254884055 2590942 526854652 816486285 56487671 212142688 203343686 844435697
846619057 672041943 458814171 497649442 91457575 300989758 659572483 438526732
826962476 251874395 312450076 712894247 424718889 968947416 226277953 847738572
