228108310 384312943 648705003 292327649 582472130 318501935 105500897 293354838
906809630 227088162 822473646 598362063 535885491 80008886 369538390 817430974
746617866 787481422 9164653 798383749 711072412 87516329 714062260 538795230
169274932 875752661 468832236 796046520 377979213 873429839 846833702 122880497
298622055 910766125 815756454 402175786 61065786 161540749 143973606 446658422
263170588 384233021 927624712 844856353 205963079 861463528 910657763 863269835
432120360 598656785 937208255 388026402 570201450 627859455 500044638 69812759
739836086 175895687 157864284 227802731 463710819 899188247 80193800 721956863
481580331 244889798 311751694 54958622 784256251 271501649 153657562 589091744
337577553 904147213 962937531 346219581 377196071 622007806 273737360 45494805
332243956 356952397 789772488 106433406 77917405 675579192 612373172 164308754
754149983 936300459 840718765 423056220 372111126 552796784 461333338 750102277
114152356 755043582 29850318 641822218 505108141 388117492 112808346 268498410
481908341 369863738 915939206 583562341 642445235 822589813 499965952 610584893
207896594 942208846 745769987 823531059 977059243 439402914 301111636 252867205
880620188 40077787 525036467 587092649 837194396 915609791 7804992 487893279
397838714 819431196 515952625 312968949 763457898 644575369 197991476 657674484
534437910 667158388 662115401 45205867 872238480 586126787 173151797 112290443
231017977 102422507 241310237 861767964 201314616 543506201 729324369 834569188
469754483 294248676 561294123 48181196 112548197 919410716 538514476 971131644
112683740 649334690 383643932 627811258 930585915 329510427 815384659 854788750
363214765 767597333 525783749 526491439 38918935 346552592 578094212 767784630
546695952 858667398 804090534 87835229 171792639 287239978 103220732 462636328
107143598 897190981 174939534 953194147 921816435 32040549 368172839 244711544
976064898 789732884 853675431 80185878 39969477 356305408 367843091 833706532
746278193 514033116 479213588 434232087 746330966 833014130 196535544 202163949
75393565 563585388 878432214 661653177 187272493 716647777 431308066 634051031
120322290 432875989 67755636 251484736 670513669 3722290 355627766 358980140
616307496 896087612 677032313 802539931 155403410 152390214 465168497 156425496
168856259 289569708 339939989 762321054 307314988 532345254 790230572 324474301
788116383 66147754 280263212 203098843 431822109 228721199 555608612 858909541
151656471 700563392 617936732 885955028 117849441 440518517 608263053 296360862
6373401 527239759 447584965 110991796 984244900 789966298 281669068 415646533
183620000 152400746 165220751 538986692 336670517 308896510 954063946 191828121
644451401 301089381 746818982 920189006 163946691 550489911 929586235 236024264
816274004 850393789 160419354 628222876 531877690 976410495 345900416 206803681
332688474 316210458 142683051 493813392 545679774 453187754 75418782 652077422
182617240 974157328 37970714 556032349 535036516 607912763 619394449 605803931
168961931 935867627 379440375 34881390 130461234 751287521 653601357 833221958
597914435 456501712 252823443 337579235 41284583 127356325 812230588 492998802
532713552 139628894 299635740 486688419 777107993 857426741 537950319 226690216
333313400 127062017 781608640 32931423 134950314 47723610 43116595 816088192
950068223 281587197 161772080 648790450 210555510 444126615 261935112 286277021
102608311 103990930 599915205 203937582 251081977 218250352 282125020 587772030
641590345 323162548 153576856 752611133 179567644 691006146 25797367 74008629
803513727 10339951 114662959 436343129 88005530 228373351 333348234 45658418
613610866 96631177 86663180 902813092 548111097 280249235 728892773 86714156
507201747 850566197 208402430 833820445 511015142 310392322 252464316 456021693
657410268 338179492 444071240 868809244 485710334 699056109 678985443 706249000
513689979 188169151 857781434 266198656 790140026 842837095 880177625 836228973
891722201 272437694 100032498 98491574 836430992 922274414 182673655 563661908
172994350 81623809 74475638 719584594 751063439 90976450 548858534 628557755
517614021 54359864 581868444 247362677 454087969 344813488 94889458 816910307
205458131 252130463 546185911 835818032 840377265 799131869 922099010 103889307
907860182 154214662 323570111 123844222 560952577 920972533 699808330 167306700
427360393 655983761 305616161 680443055 299950589 306792123 430462175 456725726
64874500 478309722 453269058 643531295 78940290 121857960 206467197 717550255
709290570 168786827 19241014 975139461 209656958 240992954 396221127 680673137
707125405 134257098 200990809 986608074 924763679 959035972 219053572 239446066
149615793 81463062 935805660 576106660 970914930 798415150 428453264 437981185
62646156 136056822 287092106 725305347 938415799 243728061 200751931 600535408
446029027 13226153 316135089 79201784 442622693 729150648 612158742 446476340
560408493 423654928 402097532 103367436 562265283 568572332 876737302 497150872
503897426 955379009 289015379 832368479 461322756 495114917 676991972 967818968
221797622 563682768 870479154 277768895 285755448 660319288 737312769 222333709
383652693 787317311 155705072 21093850 810357875 691022585 465199920 932136999
641035994 731680399 194352982 544129788 814928021 582983258 543497157 637022671
228723525 947178373 765205604 648482921 765542421 731913140 108177706 857226898
677281890 551845611 632268537 639579696 100010452 897971060 938727905 288953674
260557596 158057500 398705746 60340840 619861981 411054675 246396237 818570510
983262931 507654949 805065162 812604597 913802319 488048501 706137627 575913399
983509997 777850296 460198228 841632550 655594711 578500051 591850120 571068261
243944603 405965064 561880261 871351986 770854554 695143312 34366421 332535565
555674186 239190172 10365299 63062121 807224489 698819562 501075404 310067159
533304273 300049626 49280251 371910122 754295414 239218240 288195104 810316001
69203457 206201945 249006656 113023339 818310802 263371657 763827460 618163930
170929532 900769296 962559060 470254423 293815590 346572256 897356981 890724625
418234358 497726489 50284447 384261510 770972310 53337756 224420503 584077747
968736835 519979635 953843051 706891395 563683699 799731281 21468416 292331065
433314744 319620818 157763300 155783036 199914462 332781076 863061499 291833413
409260425 323054407 390429508 359240619 661096848 602970638 229517787 587748686
816787070 117889915 853899258 276882032 582983409 286456406 839610376 881300380
969132980 632791926 803482245 536614401 545612379 414307125 472268356 114062331
118952184 771882757 275292087 782851485 458091182 299025317 27956536 72483714
778147210 965050599 651396341 676337538 211438171 200908807 941775118 491482835
382371928 263708111 908313920 375466019 617650865 76220311 448499837 427044146
200391312 309799400 481577848 773495897 873662632 779850955 980672950 813368687
207576629 817987978 11781926 480620889 386719880 591340203 64611751 130612147
110439949 558169746 664858251 198414103 558816136 675244369 211188046 807780305
683289630 823137011 688323373 979436842 187533071 480623467 197619980 473906083
859280577 831904537 777261047 170235859 228949685 150766615 106253028 593813889
776930753 768400953 695813237 579850828 499555301 879954973 574391014 258718207
381598136 294238905 305480910 908724509 395995790 794677855 832588901 419778004
911979710 23820947 807047300 920596656 866357129 44411071 981559797 23135325
722308677 481284912 316126222 835145049 2977299 294632944 530324350 962063617
637360739 114006147 355209354 830491204 785731026 818553561 224183471 312729034
973337768 839395944 882920477 644990278 90203438 84004207 455796935 632041323
943627329 582294595 478057075 620387210 895819825 619123432 781865252 421932141
299880695 811549931 694770603 507015690 545904742 344732247 174681318 1421555
363397655 572510888 960625125 716835832 326324044 388798342 578225130 376899442
561307152 638750224 140826592 584601335 413880551 883341768 77190361 784930361
352024622 612589483 320236991 502288574 227186736 46954677 826100387 569868711
457020612 888385374 550747254 472810242 148447639 277110624 20313782 430738898
614162850 687701257 565110971 551313137 192038080 615356946 633360425 283591388
520650418 582084033 716690410 833865337 540614233 181300405 880247135 840483449
331736019 645323941 424030562 912158494 138012464 129690958 375791550 796491197
349055138 887269254 815738988 326587764 813183920 876826637 783964209 655172168
282161361 89981122 84677870 4748990 35660935 291158779 846761708 102849161
919060615 12554431 890507134 46036943 446799169 728988279 503538024 70237353
548598435 123692671 282722049 699771176 157761397 675619978 862515733 183910346
410517618 393303004 824487364 293364392 671391491 451521608 101049784 72988219
459510159 94700122 701654069 106405161 41011020 55936459 370356648 53134225
620382693 780882043 954672620 684925411 640533743 512967942 799754271 954064329
352179571 444020627 846991630 472158500 735648352 965228686 150402879 764506054
565997576 825776975 291708219 663864478 80711114 692993705 243298964 228760794
908969942 790013741 743449742 247717193 953599059 325288879 147642109 569585036
307693785 861168156 480855905 152595595 508359045 622001522 189307250 934389249
874912728 733952288 661090741 329111339 936688222 790872622 803234442 119211936
732873811 457889965 481171914 699728204 566046959 903305837 857007951 88194185
866529970 675303704 323097879 123434842 121106417 132199876 594378051 787437587
63428637 158882319 425295921 102053292 207485818 764686227 31701034 753616803
709136400 452103546 37301253 674338580 346123710 194429830 975473216 390514707
79653697 326120517 242625530 243376865 619856123 553411612 786144557 38905380
87018228 994303942 295328499 94671711 264926176 533900334 830247886 435600778
804190531 399622160 818706729 731870661 543079561 762426836 73598694 202662972
348099353 407219128 732790789 369671690 901659612 186863804 629654089 273964713
37894909 738356634 446181670 896131578 536338354 359979483 384878195 323624954
338700136 497421239 318137386 814976989 43903635 613580905 150243844 129906914
647006104 738451600 921007334 580843900 451968809 730248809 565467985 695225549
194097225 408582179 528179313 100909238 714005723 520543080 891493783 346364919
597041722 390540431 831677935 856471144 652211923 788077067 950185200 744111333
415296226 475173531 385599976 74637413 531468735 900350513 533287605 849993851
951684739 378179293 99052187 622579970 740337656 540922355 497455076 913359138
478353275 714835948 837305953 871316413 697958169 482173947 784590247 955706977
503453765 276230958 198918994 937756663 772225081 826986803 186750638 72957737
589210273 7385402 825017748 267389820 925179209 871758837 963785384 540761157
173542140 617933541 170271503 152100863 199139142 103913977 992118789 176666069
427343906 840159195 240627443 67220216 178274135 856462461 24118536 813812212
481346886 390667532 556598618 506721603 191525873 700613226 629567468 767290661
936941625 822401687 78168933 607376901 731335114 365407676 146889268 526537004
683271345 961808660 672531597 356639629 82106198 784526136 595725813 589998616
327104056 115779524 132548335 38669112 32732448 281454922 170576120 832225847
401828173 459867447 255122988 993528254 655364565 229140399 618747767 496854184
738229780 960102482 626492677 566879299 664127515 155608013 985236304 192434904
929338736 790760944 141058286 293669249 368950857 940670128 831902015 904290297
313686775 319523188 727419309 516189296 88097790 372795262 903336646 874345562
731687350 250292647 5528290 160964261 426655464 911280413 286643451 22630191
288527519 110233619 946104711 677788481 859145846 45836141 273753293 954907370
408737807 939023151 849575164 679855884 545999715 944646482 613242794 897541573
237947000 211932902 69721928 546619562 837464251 368080704 400340548 902428097
965764613 786727396 271370247 650870901 672825583 727875946 701564209 510404601
25999796 284118829 121638617 460009433 378667063 397907271 738699023 693664828
600455735 982937382 94113742 896058953 495529751 798233103 571671277 534007648
443284612 241985107 683252262 992778418 475718283 151200776 974770698 62995496
285795238 282919813 549159255 996696100 590584922 338171006 396497906 975161713
441435243 316596672 17881582 703128353 415466189 247471925 42306864 892033413
775385622 646032898 316824351 681071128 889750006 305710900 722693789 461837734
850828210 143585898 765717279 22900867 449551044 917362439 486393567 253498994
203070828 550589760 474037280 862072960 641931852 164244536 176755194 974464681
401462645 991528454 116271590 315946434 742629991 341875710 728627700 424028290
334789045 385979009 189700798 537575733 802631946 458681452 926959170 774713857
307346712 369968080 660507437 807203324 66872810 928170722 982600249 402590375
59579721 122015380 966150745 560437186 157024331 997836597 326141671 402764424
399190278 587771749 860119484 579399398 232814367 345344482 182788476 174881156
120186300 818395428 501665644 315309440 229589372 776090227 614187407 67692760
717978536 121201647 596710013 318137488 834885017 61871328 420696534 574130943
684610529 345369033 871893572 611147490 562453593 161803374 178119965 993716928
294801665 120430599 85519742 587072399 840586086 211773924 780494984 817315548
504948236 876785646 127301839 789408743 700418894 31127684 399111424 933196275
798958138 637529602 712279870 563296676 787477332 63792945 680524846 461004846
887120496 589481805 609644347 319741149 284884830 90385406 217859340 500291002
538820846 954002289 102082931 758102441 438035851 580316481 97624367 470627788
703979454 634165781 408276376 759631653 683846546 527673791 968445460 314819632
893793232 558302053 595576482 919537328 619157393 25381637 316350080 623671163
621847805 21498217 790904938 519854290 585567726 953614411 827441729 313780172
457130573 637161063 334455484 513996427 588239623 187995633 324811974 570857101
285497172 506506287 180937253 155187890 818829887 396309695 259752408 457974652
641691107 426193744 173981764 934079338 774219647 868791256 554343670 188374081
288880503 307301314 656129991 294696784 794640204 913713685 317197545 871012670
119968758 763120261 279992583 154531532 257189778 450515212 652820729 163623408
965915309 865315263 430104122 188186644 952245674 859720504 147761238 98948364
812592572 64206484 532481814 271414601 958364617 476297405 547735361 553853421
623323694 666073638 76076898 177974122 204725412 743865201 879508394 995721980
587389277 260257075 323052151 353897570 924205529 513945298 217338556 405233925
518767979 433521506 421752877 328092708 321129488 193580397 91969189 315251376
882461335 686512730 183673484 206476117 30503857 703477104 515825018 258970436
382201476 311842540 971373920 880107161 483780155 385972147 879267884 972944822
934700080 144882460 727837617 761981975 56870921 887763245 498618169 506648977
921394198 767266912 716842946 198649570 782150968 693679753 681339957 624902925
261675874 276291519 391873774 410904818 261320655 998229055 455435674 120221292
633696687 306386896 266518427 99764075 852244612 51639003 811430568 801140248
519881749 976892748 577369163 542216683 160428860 102401445 843223124 996395806
584669391 609285383 556274439 823258531 709789233 410622546 949377127 40942297
628417516 774146288 469385524 35967971 148132347 482231684 359569717 290120614
158085827 319245086 41307843 539485513 204094807 743964582 87684339 393641973
521530647 968608736 543698117 773229792 966931028 118743569 544766680 47055879
596621666 659645182 398695218 803007912 783468069 435715480 155525991 9950284
536686633 905225094 411635636 934450888 820759407 263233055 526863251 636912995
192190921 262949859 209175735 191892591 6514129 623584935 281167884 714430099
616623617 437674432 536755634 704948161 442375818 219957381 146830681 826036722
608049510 134414962 525702349 585298803 204794080 250206897 535259216 534405957
484945775 958651498 397947276 41487408 710450009 623365717 886702203 655840877
22882848 700614963 827471030 249479153 654268677 139089908 812716068 929666890
229387125 811686842 254269354 592571552 850789803 292383545 404039027 907281437
333287664 332986689 939972057 414008492 756333025 723087728 707681190 169100962
795670061 12606729 880842247 524997693 500093084 460358235 834176003 849948156
951856365 273404850 416812527 222041092 867118653 946448076 765683332 149352909
622659001 278197049 101055015 978136027 232668939 576930163 290460749 717702230
860800316 549881604 977572923 40006568 671886934 579300483 385953992 524964412
575996100 583501786 344053563 861048221 408796781 550902967 897771964 828477903
245541678 906790017 15179415 626382302 778821893 568497113 584021367 249461174
134276757 472143487 562785514 688689295 428032043 136564041 728877495 301592539
860911407 42066507 573882262 721087754 177432157 732845937 347151538 474384297
713899312 37620677 527685104 801484523 748198495 135274323 974417456 434555996
401138066 144327415 394992130 626740097 777417866 742636683 542484539 451254220
165949446 98898192 700312311 223321064 13763937 595750134 600378586 549063277
343830234 608918343 120731702 78258649 32401913 529042038 161476712 886753276
937608124 457498889 32935171 62482350 915384408 265319694 834780619 851714064
404872956 370732232 888545144 562069791 841309456 470755741 29617839 189595257
559547281 902980436 468716652 763042442 295040392 702841000 523505835 145647673
677584212 273312510 157415699 247540884 502377060 417895071 383196917 875926019
336970978 361770774 616283193 880447696 72549270 633102084 707572617 310693247
731320206 344607131 485580735 447289866 738111556 18899 489579620 569684705
717893656 548530522 732132747 882740416 458926722 421777807 656746239 869114276
206513807 191672934 861138783 940585138 572841942 457734735 403577125 306276280
283301543 401413087 585314592 911169079 478730394 837983180 723110643 436071191
68609479 765613829 576157441 319731711 527119327 172154132 691669626 403012294
197574914 978861252 737081471 294893433 461747405 240523614 303969889 64531432
282146787 399111931 595847151 985701367 400879641 302033316 267986223 606897899
904388878 142852149 661850663 160941563 16631196 603155776 148616129 127541580
262881449 523949970 650916636 788198878 52473037 403119287 492260140 940444908
903814606 489266108 24464221 973155563 922991946 993593195 813614247 717285401
226045014 684906625 568783747 579160441 188751019 24027502 704272029 199001560
224252709 397247855 631619696 408162816 667905835 889274466 692975061 435302526
681983028 78115561 256531016 953831367 458699707 856065063 646579615 167105402
242763960 47106483 680846049 507399558 784889514 542617929 812984784 282704015
794318187 55516899 622425254 296816609 988301567 399563162 624725722 525331387
271698105 285987366 743335385 259164949 241877115 792723611 310254246 922208200
420206026 429629048 752830364 623853322 475286556 346036697 890819775 554498256
671548421 337532145 268608491 356440776 505406716 716596300 238654107 566841190
572155193 845716938 196344768 869310324 264417789 142957429 205052757 302482101
939568929 32209755 953108564 351314904 480703892 393923300 728703644 567414413
47588262 972928181 954729339 668314947 125372542 928251736 928335089 982905513
608731371 217000846 18867354 216849226 468822536 351360970 104417411 312952538
960408537 942579774 676455264 291124158 508584332 320350380 987471137 954131939
493307222 151627997 44049768 130076377 852861712 363438974 919504738 584754493
583649059 452204416 784334509 79189793 133190297 380018685 501085353 557063559
57092614 719711456 63001934 319457359 342179354 788371447 32078337 227007072
255959140 584677312 635862655 763323187 862488453 34936272 504535647 940081698
706588857 423781165 555065696 360582638 259287380 846893998 593230127 309099352
319873683 998471577 162678200 320580360 946774428 224059862 301354755 959828755
750512711 332205479 89543905 816600988 496730605 278804546 774420185 891831761
835271104 89923808 9426448 101133192 471496326 272488712 448956186 591586110
261053213 577865876 92416058 694162800 880614375 406838780 707817121 577076285
742114907 993876915 807252371 499915086 558373416 168705634 760678116 537754724
104913627 153270263 49308536 258140006 499783337 42480020 713454359 290904991
974476678 599575949 938427674 607781891 14158295 823067073 647978842 17516803
675864929 862103482 294060775 607188096 659497084 358131409 898860281 561352455
849961471 802726115 594564868 83281056 359782897 630625577 387424599 993414084
248337746 257349942 259054366 988067944 466884781 236979121 811818500 355688080
780693708 712230830 720525954 16633168 605544485 115001826 726408848 272305957
171177060 633039148 161104982 400735637 700117492 888237933 136068810 758668502
602392478 828414174 910532975 91082191 609465928 686055439 809877594 661592203
375487483 738405334 264086999 981127200 833870913 937985084 427418467 622851359
52458548 918806175 718154657 640891971 645822971 214987688 656081336 513168800
948556010 955079083 633259174 885077268 277065531 570154197 280201573 217892106
529961009 390009320 838552393 430608149 383062499 36484910 190269026 900538625
783447286 22151650 150598869 319456954 341942815 382302686 423718457 45317888
360906173 307548260 531307845 641841114 182283494 494873260 993959118 148587788
963410377 770067129 157691214 682052699 433885879 488840054 155231328 389609250
11654655 706702816 378512 987238393 426322391 354467829 769417563 574140575
527682246 102452037 875732573 959662793 460134083 586142350 698234868 12476438
567328023 449121779 420659532 755768690 486873341 327783225 918576302 428041128
870337610 683001760 228279923 601416872 436270432 387279137 126092936 293555849
431271707 493161652 402244302 318148136 396101525 547742824 137934309 305036122
521415396 305915328 294725846 197003403 417106876 175987867 504783253 893672888
446162187 110725660 518037897 379421793 128909757 290997922 72321558 198111805
722725808 953622487 152405014 177913242 291139901 903855759 552384138 717817673
57103369 117627658 757931585 512141463 759664892 494399623 252593790 430645317
772647807 926281990 14523666 402916206 768785402 674951382 953731154 164577340
573049398 936881527 839833420 133531423 783858707 506392161 824082601 141721168
347871224 232288111 15198669 210608132 658615041 937165635 697998566 553346334
203071236 457676263 702231456 209451703 840626268 948854844 613187825 90846708
842994099 398959278 772624351 773746263 409460975 601241218 282659955 6383131
769277978 652865469 955274972 577234559 685882840 478492697 75774371 585860665
172661024 151933682 602536044 318831480 519585426 84280886 899252635 675469733
70167700 795803504 844531607 325584219 428697050 42430592 28146570 853937707
691062811 308903905 172986643 430186426 221830551 973541355 118985392 985564224
305784826 652879702 44349072 510434687 614344032 382653352 659890026 845486219
461742231 138188252 451600700 957008763 821316309 81964114 703347199 517821760
653403826 961095270 598316498 776817836 676620865 720111905 523408540 440902383
582297595 168631128 244149086 230037651 708861001 49647893 999965865 29194827
759161960 455697419 30376156 893839579 961720026 676606482 297045958 713959870
432660627 690379793 762505868 78976222 798315605 900740654 930178063 264746174
608838422 514552862 385105832 609986288 647764592 656579515 611716858 516474292
833571083 170329735 321936273 307239972 893635418 728248753 887057478 703800189
310281266 962092750 100297775 700004946 184317402 14370681 912703284 773355633
18251790 563609539 653907629 865936181 27226447 456505397 535056483 398168188
457972446 451848717 46686966 790669696 487584445 105063806 123218885 233608520
751758351 757947082 951097770 303238743 848818299 358967013 560134394 425115158
43666863 895492700 147102260 60331169 821378820 930564944 877098097 802115822
109945919 616779913 732041133 305481204 875285110 870695846 861537909 275923670
336671354 689068288 109738597 774659707 282574038 844787230 274648942 137989094
190074953 113645240 572682787 10556967 2541023 905209847 180813699 339189827
604404561 120225763 149593352 586668018 196561648 305422895 594679318 160369116
647647780 72197442 21027551 204598829 308639489 764770305 528716139 172585837
559530193 260053484 399153097 68278260 299609152 771377278 397390854 967130262
362900359 4067679 890070502 308713663 817336331 373879768 873670575 771705990
74046390 287153704 637145481 387190969 411348233 372220380 611611142 726236961
241223361 344357578 484647088 862491585 29150471 903338959 33206973 193117472
750505266 370798656 498954994 541706600 68290543 743591363 584601274 301700251
707154291 722341161 790252201 174473150 750384627 20908649 845402964 318898649
336099444 878347917 868762821 926210597 867147267 615445944 291592464 60084188
181395295 271886455 786056460 854737371 87900307 469052152 775033685 962437244
847265728 54938112 110523379 684043430 300696866 926450175 117913361 859373776
434667464 555061885 649701466 545970832 208061909 460650426 324114888 832365338
282073214 507140724 219740830 297238908 116407003 459484025 724930216 526148663
546340448 44475551 94818773 273926140 111924593 400531051 98741315 650537383
771862124 84820823 589489932 126137037 6547077 740308729 428537831 981688133
4809086 723502264 311101417 923943809 83121848 742861664 416823358 348358905
737871352 386984909 577768217 93974614 12491639 171482360 884690938 133352954
862156857 767148734 474481456 855398787 739258119 656649134 356056491 60115057
614004298 882834111 744147114 785986898 793724208 399888624 92646053 639543014
888105786 249077385 36859345 1575742 491741416 215427542 371282296 717245315
751978445 591957105 816477694 373783035 905306041 154166877 506335414 714393900
920764693 961490643 983384259 147951591 244259348 309826255 945334859 93505185
889333225 627647621 112536286 867338315 116675413 445599989 933331265 566944311
693684678 488124457 177481428 210379717 530400395 695710669 358697170 231960608
859300968 877983171 898793571 740730341 234631394 551992808 800170192 34536694
781201723 322418836 263479245 79819063 287146291 373616147 125539807 363519107
475934987 415856255 829634942 485247928 433792982 997404616 806703936 2069554
468152836 985466498 525531449 417913314 392968773 890633663 862033153 300050593
480465983 877928420 830884547 390789992 180623608 23364726 341249706 587908602
920151780 642563381 220266315 28544297 740941274 769528650 184617917 488899175
331899909 330742412 856892821 862539094 104492942 249016918 681747275 576235695
984071044 980084858 112692410 22728957 453307646 588342679 96758194 977567477
592827311 182893860 550402117 553646989 583977251 596546894 715315480 444989171
136716797 561316099 765411148 292295509 647087954 984333464 521736188 221753197
594956235 259925380 583933418 115817474 256943681 441221062 658738400 980199877
691855815 849954286 712335875 346998748 649603107 988910168 115664675 979559977
674449022 318029397 959278153 912323837 332973028 486146635 816151288 199650855
127950039 923148011 381747335 353130857 345988428 567730313 616661969 119640998
427876591 800781505 831539908 303367016 751439532 251102238 947492644 7124609
317393607 905315470 750663076 844006417 906397164 998881546 944400443 528372352
190074483 583445539 676852974 576930882 728060429 301399516 652504631 50829415
620963635 225245704 436781532 353134056 583576215 827199041 352041612 901100041
193914171 8667705 17806883 65417737 641877176 485611823 245159945 730904456
214126108 857354441 619182506 453351696 976804903 618581369 173215845 676542247
796793804 719031913 608413575 506973454 177446320 120010968 512759129 665958407
242915578 412393229 409980658 755493423 852417014 196747913 37648714 992898552
412921383 109824495 25585654 346290065 736176803 943941699 235244955 759202580
75572465 831984485 569015878 997577102 762674580 543940212 90055248 306778340
163705453 120070313 185724802 924216463 63480630 785961296 934054232 742593756
73426450 257097578 115330844 755835179 507653692 722942016 628622139 427423363
508580905 651146835 922210771 859745665 741037845 805616002 836772368 957163644
94023583 651545533 529321535 641459065 12306376 513124835 488533041 893284047
590352349 473552093 636378181 985183958 786287213 196384513 24974324 919094092
464992677 294844166 578963095 343727337 555284873 347621889 656024788 957190533
888519640 995714345 38361086 384844896 671264554 64734193 878109662 703091116
686988631 883187009 943748019 342797987 263459265 552782749 170768815 375654996
420765360 920630938 51376256 874931888 58547553 965654090 534594262 458471970
272672789 556087307 523452164 837199617 238970023 690015073 96244686 190531219
47386436 60569868 88540269 524226072 264421919 692575295 726595465 58817851
579570601 847792683 598947968 898075154 737828989 951955409 74421085 808681532
361772879 741392405 233430931 261931092 161951153 340697789 110824273 726691284
304042679 449201382 862722382 323926414 755078170 289952434 402557458 548580422
522680805 732471840 193164580 322648364 523041429 634770339 938423070 80272659
609031229 218891921 70266064 824672559 424964018 698939731 143688812 564981138
129791351 543491127 172326140 234027775 344273595 821020215 100099673 447059492
625968137 314483494 896741612 957760634 202269029 374588230 343371546 959915056
493140946 8402908 34991205 951235594 162946852 638786659 829109108 51171444
566406712 78540646 110405497 695718415 398202955 3200421 10810794 306975883
236496365 709141625 709544803 157905466 854546792 330313439 159189913 837149994
479689156 134392487 266970708 783153399 81797280 369534581 712840565 939669394
353543007 960893126 806266796 854381840 187012440 766837422 385356215 212183867
366631210 134546435 862023413 140240970 61502118 663376730 73757998 674784126
125355521 847386321 547197745 760138406 371094577 161252501 985356813 280087744
784487647 428275060 911301055 361904415 406149868 840203548 906678781 589066186
469963679 465632053 50991864 882233036 566253017 479386896 247205775 890919136
395009199 283691672 930285911 257707996 253886702 390783892 803807892 622306803
775892603 850069412 748258852 240271073 980172533 368955612 721370884 5464388
681108651 712238724 233685933 242448013 127165898 582548085 688764092 28101937
54798282 461222714 951937331 345821970 381969137 759889467 28479654 906532937
683715990 409282295 240084268 361632229 653396016 561977997 418510 616329977
459049371 525507300 303328558 199666039 387116547 889840313 573324906 54328801
33234643 941517741 149934283 440372733 315305560 666956603 164249083 138476893
463741489 739233474 758244645 629532150 683739464 973832428 392129873 420161541
390922892 96042591 465065434 162397713 272891943 685243214 420250933 505859854
702993581 980588727 548793750 835209773 233976141 112495717 274396459 186046125
393315687 741760372 180801484 230937849 505532563 764624667 894476568 998164338
417286319 815549762 954947698 453075389 396285717 214122854 540806086 591040397
613619873 552934698 532760833 860319670 338012360 565252785 593235742 816521547
876817288 365577821 824654089 298088329 959701666 431318029 647657135 662675581
426570971 18288480 927256700 208431002 237623561 692895704 347507985 901308066
20205024 762122779 117057850 616450404 433797132 42633007 554860602 661255247
612484334 722911761 102685719 792100199 11574719 656478542 200309963 490041484
198497288 503558530 481598870 410277960 266963204 466723062 574624136 258201248
305801661 345322247 569324199 813457625 890793959 700796961 810562618 241949417
173937822 836356216 453804947 587864003 861537784 604174990 339723580 924525565
57754131 406901719 749471906 842001532 45328149 936299990 167824024 768803169
